TIME,RSSI,LAT,LONG
2019-11-27T16:03:43.564741,193.0,-41.315733333333,174.784083333333
2019-11-27T16:04:21.353839,192.0,-41.315766666667,174.7841
2019-11-27T16:04:37.450885,192.0,-41.315766666667,174.7841
2019-11-27T16:04:53.564357,191.0,-41.315766666667,174.7841
2019-11-27T16:05:30.342179,194.0,-41.3157,174.784116666667
2019-11-27T16:05:46.435393,192.0,-41.3157,174.784116666667
2019-11-27T16:06:02.529196,194.0,-41.3157,174.784116666667
2019-11-27T16:06:42.344262,194.0,-41.316016666667,174.784116666667
2019-11-27T16:06:58.458843,194.0,-41.316016666667,174.784116666667
2019-11-27T16:07:14.551336,194.0,-41.316016666667,174.784116666667
2019-11-27T16:08:03.343485,195.0,-41.31595,174.7841
2019-11-27T16:08:19.437444,194.0,-41.31595,174.7841
2019-11-27T16:08:35.529395,193.0,-41.31595,174.7841
2019-11-27T16:09:31.336110,193.0,-41.315866666667,174.78415
2019-11-27T16:09:47.433605,193.0,-41.315866666667,174.78415
2019-11-27T16:10:03.525606,194.0,-41.315866666667,174.78415
2019-11-27T16:10:55.339633,193.0,-41.3159,174.784216666667
2019-11-27T16:11:11.445529,194.0,-41.3159,174.784216666667
2019-11-27T16:11:27.542319,193.0,-41.3159,174.784216666667
2019-11-27T16:12:18.339381,194.0,-41.316283333333,174.78415
2019-11-27T16:12:34.436956,194.0,-41.316283333333,174.78415
2019-11-27T16:12:50.541962,194.0,-41.316283333333,174.78415
2019-11-27T16:14:24.337375,194.0,-41.315833333333,174.78415
2019-11-27T16:14:40.440914,194.0,-41.315833333333,174.78415
2019-11-27T16:14:56.530677,194.0,-41.315833333333,174.78415
2019-11-27T16:15:33.328158,194.0,-41.3158,174.7842
2019-11-27T16:15:49.438136,193.0,-41.3158,174.7842
2019-11-27T16:16:05.537901,193.0,-41.3158,174.7842
2019-11-27T16:16:52.343444,192.0,-41.315633333333,174.784166666667
2019-11-27T16:17:08.431544,192.0,-41.315633333333,174.784166666667
2019-11-27T16:17:24.548122,192.0,-41.315633333333,174.784166666667
2019-11-27T16:18:02.343342,192.0,-41.3159,174.784133333333
2019-11-27T16:18:18.422724,192.0,-41.3159,174.784133333333
2019-11-27T16:18:34.513685,193.0,-41.3159,174.784133333333
2019-11-27T16:19:12.319878,192.0,-41.315666666667,174.784166666667
2019-11-27T16:19:28.418541,192.0,-41.315666666667,174.784166666667
2019-11-27T16:19:44.534557,193.0,-41.315666666667,174.784166666667
2019-11-27T16:20:21.319211,192.0,-41.31575,174.784116666667
2019-11-27T16:20:37.418992,192.0,-41.31575,174.784116666667
2019-11-27T16:20:53.517541,194.0,-41.31575,174.784116666667
2019-11-27T16:21:30.321117,192.0,-41.315766666667,174.784116666667
2019-11-27T16:21:46.432973,192.0,-41.315766666667,174.784116666667
2019-11-27T16:22:02.526216,193.0,-41.315766666667,174.784116666667
2019-11-27T16:22:44.325828,192.0,-41.315833333333,174.78415
2019-11-27T16:23:00.421714,192.0,-41.315833333333,174.78415
2019-11-27T16:23:16.526343,192.0,-41.315833333333,174.78415
2019-11-27T16:23:52.317950,192.0,-41.315816666667,174.784116666667
2019-11-27T16:24:08.429752,193.0,-41.315816666667,174.784116666667
2019-11-27T16:24:24.525656,192.0,-41.315816666667,174.784116666667
2019-11-27T16:25:03.330650,194.0,-41.315916666667,174.7841
2019-11-27T16:25:19.422432,194.0,-41.315916666667,174.7841
2019-11-27T16:25:35.535030,192.0,-41.315916666667,174.7841
2019-11-27T16:26:13.318099,194.0,-41.3158,174.78415
2019-11-27T16:26:29.424386,191.0,-41.3158,174.78415
2019-11-27T16:26:45.540507,193.0,-41.3158,174.78415
2019-11-27T16:27:23.318250,193.0,-41.3158,174.784116666667
2019-11-27T16:27:39.421703,193.0,-41.3158,174.784116666667
2019-11-27T16:27:55.527959,194.0,-41.3158,174.784116666667
2019-11-27T16:35:41.367047,194.0,-41.315966666667,174.784216666667
2019-11-27T16:35:57.485718,194.0,-41.315966666667,174.784216666667
2019-11-27T16:37:05.251655,192.0,-41.316116666667,174.784216666667
2019-11-27T16:37:21.357385,193.0,-41.316116666667,174.784083333333
2019-11-27T16:37:37.473605,193.0,-41.316116666667,174.784083333333
2019-11-27T16:38:17.262120,193.0,-41.315866666667,174.784083333333
2019-11-27T16:38:33.358457,194.0,-41.315866666667,174.784133333333
2019-11-27T16:38:49.472730,194.0,-41.315866666667,174.784133333333
2019-11-27T16:43:42.357066,196.0,-41.315766666667,174.784116666667
2019-11-27T21:27:01.873182,205.0,-41.315566666667,174.784016666667
2019-11-27T21:27:17.988144,205.0,-41.315566666667,174.784016666667
2019-11-27T21:28:14.802612,205.0,-41.31555,174.784016666667
2019-11-27T21:28:30.875704,205.0,-41.31555,174.784033333333
2019-11-27T21:28:46.972410,204.0,-41.31555,174.784033333333
2019-11-27T21:30:48.811827,205.0,-41.31545,174.784033333333
2019-11-27T21:31:04.872489,205.0,-41.31545,174.783866666667
2019-11-27T21:31:20.965510,205.0,-41.31545,174.783866666667
2019-11-27T21:33:33.874143,205.0,-41.3154,174.78395
2019-11-27T21:33:49.967584,206.0,-41.3154,174.78395
2019-11-27T21:36:13.869008,205.0,-41.315683333333,174.784166666667
2019-11-27T21:36:29.968606,205.0,-41.315683333333,174.784166666667
2019-11-27T21:37:22.776052,205.0,-41.31565,174.784166666667
2019-11-27T21:37:38.875932,205.0,-41.31565,174.784033333333
2019-11-27T21:37:54.974974,205.0,-41.31565,174.784033333333
2019-11-27T21:38:52.774897,205.0,-41.315616666667,174.784033333333
2019-11-27T21:39:08.862573,205.0,-41.315616666667,174.784066666667
2019-11-27T21:39:24.964092,205.0,-41.315616666667,174.784066666667
2019-11-27T21:40:15.760984,205.0,-41.315616666667,174.784066666667
2019-11-27T21:40:31.870386,205.0,-41.315616666667,174.78405
2019-11-27T21:40:47.955243,205.0,-41.315616666667,174.78405
2019-11-27T21:41:43.759612,204.0,-41.3155,174.78405
2019-11-27T21:41:59.867065,205.0,-41.3155,174.783933333333
2019-11-27T21:42:15.978211,205.0,-41.3155,174.783933333333
2019-11-27T21:42:53.760432,205.0,-41.3156,174.783933333333
2019-11-27T21:43:09.854497,205.0,-41.3156,174.784066666667
2019-11-27T21:43:25.959797,204.0,-41.3156,174.784066666667
2019-11-27T21:44:28.765557,204.0,-41.315633333333,174.784066666667
2019-11-27T21:44:44.861002,204.0,-41.315633333333,174.784133333333
2019-11-27T21:45:00.952555,204.0,-41.315633333333,174.784133333333
2019-11-27T21:45:35.766881,205.0,-41.315633333333,174.784133333333
2019-11-27T21:45:51.858569,205.0,-41.315633333333,174.78415
2019-11-27T21:46:07.947725,205.0,-41.315633333333,174.78415
2019-11-27T21:46:47.771484,205.0,-41.3156,174.78415
2019-11-27T21:47:03.853922,204.0,-41.3156,174.784116666667
2019-11-27T21:47:19.953135,204.0,-41.3156,174.784116666667
2019-11-27T21:48:06.801792,205.0,-41.315566666667,174.784116666667
2019-11-27T21:48:22.850637,204.0,-41.315566666667,174.78415
2019-11-27T21:48:38.953391,204.0,-41.315566666667,174.78415
2019-11-27T21:50:47.847603,205.0,-41.31555,174.784133333333
2019-11-27T21:51:03.965027,205.0,-41.31555,174.784133333333
2019-11-27T21:51:40.752682,205.0,-41.315616666667,174.784133333333
2019-11-27T21:51:56.856995,205.0,-41.315616666667,174.784183333333
2019-11-27T21:52:12.950779,205.0,-41.315616666667,174.784183333333
2019-11-27T21:52:53.755861,205.0,-41.315583333333,174.784183333333
2019-11-27T21:53:09.841235,205.0,-41.315583333333,174.7841
2019-11-27T21:53:25.929206,204.0,-41.315583333333,174.7841
2019-11-27T21:54:02.747548,205.0,-41.315666666667,174.7841
2019-11-27T21:54:18.907469,205.0,-41.315666666667,174.784183333333
2019-11-27T21:54:34.955254,205.0,-41.315666666667,174.784183333333
2019-11-27T21:55:08.751500,205.0,-41.315583333333,174.784183333333
2019-11-27T21:55:24.844715,205.0,-41.315583333333,174.7841
2019-11-27T21:55:40.936295,205.0,-41.315583333333,174.7841
2019-11-27T21:56:14.740187,203.0,-41.3156,174.7841
2019-11-27T21:56:30.838313,202.0,-41.3156,174.784083333333
2019-11-27T21:56:46.946480,203.0,-41.3156,174.784083333333
2019-11-27T21:57:19.736246,191.0,-41.315466666667,174.784083333333
2019-11-28T08:07:44.901688,189.0,-41.3156,174.784116666667
2019-11-28T08:08:01.001383,189.0,-41.3156,174.784116666667
2019-11-28T08:09:01.812632,190.0,-41.3154,174.78405
2019-11-28T08:09:17.910872,190.0,-41.3154,174.78405
2019-11-28T08:09:34.013379,190.0,-41.3154,174.78405
2019-11-28T08:12:11.856623,190.0,-41.315733333333,174.784116666667
2019-11-28T08:12:27.956375,189.0,-41.315733333333,174.784116666667
2019-11-28T08:13:10.756817,190.0,-41.3158,174.784116666667
2019-11-28T08:13:26.867745,190.0,-41.3158,174.784166666667
2019-11-28T08:13:42.945897,190.0,-41.3158,174.784166666667
2019-11-28T08:15:00.770955,190.0,-41.316133333333,174.784166666667
2019-11-28T08:15:16.865740,189.0,-41.316133333333,174.784183333333
2019-11-28T08:15:32.960242,190.0,-41.316133333333,174.784183333333
2019-11-28T08:16:17.758386,190.0,-41.3159,174.784183333333
2019-11-28T08:16:33.880716,189.0,-41.3159,174.784133333333
2019-11-28T08:16:49.957684,189.0,-41.3159,174.784133333333
2019-11-28T08:17:29.753972,190.0,-41.315716666667,174.784133333333
2019-11-28T08:17:45.852356,189.0,-41.315716666667,174.784183333333
2019-11-28T08:18:01.949520,189.0,-41.315716666667,174.784183333333
2019-11-28T08:18:46.756103,190.0,-41.315833333333,174.784183333333
2019-11-28T08:19:02.839274,189.0,-41.315833333333,174.78415
2019-11-28T08:19:18.944674,189.0,-41.315833333333,174.78415
2019-11-28T08:20:07.764839,189.0,-41.315783333333,174.78415
2019-11-28T08:20:23.844900,189.0,-41.315783333333,174.78415
2019-11-28T08:20:39.952781,189.0,-41.315783333333,174.78415
2019-11-28T08:22:55.837392,189.0,-41.316383333333,174.784066666667
2019-11-28T08:23:11.940060,190.0,-41.316383333333,174.784066666667
2019-11-28T08:30:25.848574,189.0,-41.315583333333,174.784066666667
2019-11-28T08:30:41.947706,189.0,-41.315583333333,174.784066666667
2019-11-28T08:31:36.734840,190.0,-41.315766666667,174.784066666667
2019-11-28T08:31:52.852209,190.0,-41.315766666667,174.784066666667
2019-11-28T08:32:08.969952,189.0,-41.315766666667,174.784066666667
2019-11-28T08:33:34.737202,189.0,-41.315666666667,174.784066666667
2019-11-28T08:33:50.832452,171.0,-41.315666666667,174.783916666667
2019-11-28T08:34:06.933301,184.0,-41.315666666667,174.783916666667
2019-11-28T08:35:08.778985,185.0,-41.315883333333,174.783916666667
2019-11-28T08:35:24.830280,186.0,-41.315883333333,174.784183333333
2019-11-28T08:35:40.940264,189.0,-41.315883333333,174.784183333333
2019-11-28T08:36:32.741941,189.0,-41.3158,174.784183333333
2019-11-28T08:36:48.827249,178.0,-41.3158,174.784116666667
2019-11-28T08:37:04.935115,183.0,-41.3158,174.784116666667
2019-11-28T08:37:53.758122,180.0,-41.315916666667,174.784116666667
2019-11-28T08:38:09.838449,187.0,-41.315916666667,174.784183333333
2019-11-28T08:38:25.947033,179.0,-41.315916666667,174.784183333333
2019-11-28T08:39:10.726224,191.0,-41.315783333333,174.784183333333
2019-11-28T08:39:26.823451,180.0,-41.315783333333,174.784133333333
2019-11-28T08:39:42.934462,191.0,-41.315783333333,174.784133333333
2019-11-28T08:40:52.723320,191.0,-41.3159,174.784133333333
2019-11-28T08:41:08.824733,180.0,-41.3159,174.784116666667
2019-11-28T08:41:24.923422,191.0,-41.3159,174.784116666667
2019-11-28T08:42:11.742893,191.0,-41.31585,174.784116666667
2019-11-28T08:42:27.831068,191.0,-41.31585,174.784083333333
2019-11-28T08:42:43.940242,191.0,-41.31585,174.784083333333
2019-11-28T08:43:33.720353,180.0,-41.3159,174.784083333333
2019-11-28T08:43:49.869741,181.0,-41.3159,174.784216666667
2019-11-28T08:44:05.929061,182.0,-41.3159,174.784216666667
2019-11-28T08:44:45.724835,183.0,-41.3157,174.784216666667
2019-11-28T08:45:01.823818,183.0,-41.3157,174.783966666667
2019-11-28T08:45:17.915843,183.0,-41.3157,174.783966666667
2019-11-28T08:46:05.718703,183.0,-41.315783333333,174.783966666667
2019-11-28T08:46:21.838402,181.0,-41.315783333333,174.7842
2019-11-28T08:46:37.917468,183.0,-41.315783333333,174.7842
2019-11-28T08:47:38.720265,184.0,-41.31575,174.7842
2019-11-28T08:47:54.829829,186.0,-41.31575,174.78405
2019-11-28T08:48:10.946674,193.0,-41.31575,174.78405
2019-11-28T08:48:57.723363,200.0,-41.315583333333,174.78405
2019-11-28T08:49:13.833787,202.0,-41.315583333333,174.78445
2019-11-28T08:49:29.937372,201.0,-41.315583333333,174.78445
2019-11-28T08:50:13.717350,202.0,-41.31565,174.78445
2019-11-28T08:50:29.819123,187.0,-41.31565,174.784283333333
2019-11-28T08:50:45.935783,189.0,-41.31565,174.784283333333
2019-11-28T08:51:19.723457,208.0,-41.3156,174.784283333333
2019-11-28T08:51:35.812915,171.0,-41.3156,174.784066666667
2019-11-28T08:51:51.912380,182.0,-41.3156,174.784066666667
2019-11-28T08:52:21.713177,167.0,-41.3152,174.784066666667
2019-11-28T08:52:37.822721,166.0,-41.3152,174.784
2019-11-28T08:52:53.919302,170.0,-41.3152,174.784
2019-11-28T08:53:23.714489,171.0,-41.315133333333,174.784
2019-11-28T08:53:39.804650,156.0,-41.315133333333,174.783666666667
2019-11-28T08:54:24.703952,154.0,-41.314933333333,174.783666666667
2019-11-28T08:54:40.801214,153.0,-41.314933333333,174.782916666667
2019-11-28T08:54:56.906695,153.0,-41.314933333333,174.782916666667
2019-11-28T08:55:33.769944,153.0,-41.314533333333,174.782766666667
2019-11-28T08:55:49.848063,154.0,-41.314533333333,174.782766666667
2019-11-28T08:56:52.876237,153.0,-41.313866666667,174.782533333333
2019-11-28T09:46:14.708415,153.0,-41.31415,174.782566666667
2019-11-28T09:46:30.808891,157.0,-41.315266666667,174.782566666667
2019-11-28T09:46:46.941018,154.0,-41.315266666667,174.782566666667
2019-11-28T09:47:17.708751,179.0,-41.315133333333,174.783616666667
2019-11-28T09:47:33.817349,156.0,-41.315133333333,174.783616666667
2019-11-28T09:47:49.925768,173.0,-41.315133333333,174.783616666667
2019-11-28T09:48:20.683672,195.0,-41.3156,174.784133333333
2019-11-28T09:48:36.803883,190.0,-41.3156,174.784133333333
2019-11-28T09:48:52.927288,192.0,-41.3156,174.784133333333
2019-11-28T09:49:57.683891,205.0,-41.31565,174.783666666667
2019-11-28T09:50:13.798056,204.0,-41.31565,174.783666666667
2019-11-28T09:50:29.922495,204.0,-41.31565,174.783666666667
2019-11-28T09:51:13.675557,205.0,-41.315783333333,174.784033333333
2019-11-28T09:51:29.786725,204.0,-41.315783333333,174.784033333333
2019-11-28T09:51:45.913927,204.0,-41.315783333333,174.784033333333
2019-11-28T09:52:29.667718,205.0,-41.315783333333,174.78415
2019-11-28T09:52:45.798481,204.0,-41.315783333333,174.78415
2019-11-28T09:53:01.922798,205.0,-41.315783333333,174.78415
2019-11-28T09:53:52.675596,204.0,-41.315766666667,174.78415
2019-11-28T09:54:08.793078,204.0,-41.315766666667,174.78415
2019-11-28T09:54:24.913531,204.0,-41.315766666667,174.78415
2019-11-28T09:55:06.749483,204.0,-41.315733333333,174.7841
2019-11-28T09:55:22.794107,204.0,-41.315733333333,174.7841
2019-11-28T09:55:38.920803,204.0,-41.315733333333,174.7841
2019-11-28T09:56:29.666276,204.0,-41.31575,174.784133333333
2019-11-28T09:56:45.763444,204.0,-41.31575,174.784133333333
2019-11-28T09:57:01.864683,205.0,-41.31575,174.784133333333
2019-11-28T09:57:46.662525,205.0,-41.315866666667,174.784066666667
2019-11-28T09:58:02.780993,205.0,-41.315866666667,174.784066666667
2019-11-28T09:58:18.895708,205.0,-41.315866666667,174.784066666667
2019-11-28T09:59:06.673255,204.0,-41.315733333333,174.784183333333
2019-11-28T09:59:22.942902,205.0,-41.315733333333,174.784183333333
2019-11-28T09:59:38.883583,205.0,-41.315733333333,174.784183333333
2019-11-28T10:00:34.670450,205.0,-41.3158,174.784016666667
2019-11-28T10:00:50.762776,205.0,-41.3158,174.784016666667
2019-11-28T10:01:06.861850,205.0,-41.3158,174.784016666667
2019-11-28T10:01:54.657523,204.0,-41.315733333333,174.783866666667
2019-11-28T10:02:10.787111,204.0,-41.315733333333,174.783866666667
2019-11-28T10:02:26.890865,204.0,-41.315733333333,174.783866666667
2019-11-28T10:03:20.668471,204.0,-41.315883333333,174.7841
2019-11-28T10:03:36.769979,204.0,-41.315883333333,174.7841
2019-11-28T10:03:52.886310,204.0,-41.315883333333,174.7841
2019-11-28T10:04:32.651328,204.0,-41.315566666667,174.78375
2019-11-28T10:04:48.768673,204.0,-41.315566666667,174.78375
2019-11-28T10:05:04.890277,204.0,-41.315566666667,174.78375
2019-11-28T10:06:17.658934,205.0,-41.315766666667,174.7836
2019-11-28T10:06:33.752755,205.0,-41.315766666667,174.7836
2019-11-28T10:06:49.866148,205.0,-41.315766666667,174.7836
2019-11-28T10:07:45.650193,205.0,-41.315683333333,174.783733333333
2019-11-28T10:08:01.868601,204.0,-41.315683333333,174.783733333333
2019-11-28T10:08:17.861819,205.0,-41.315683333333,174.783733333333
2019-11-28T10:08:59.656964,205.0,-41.315983333333,174.78395
2019-11-28T10:09:15.781139,204.0,-41.315983333333,174.78395
2019-11-28T10:09:31.891191,204.0,-41.315983333333,174.78395
2019-11-28T10:10:12.639074,205.0,-41.31575,174.784
2019-11-28T10:10:28.757088,205.0,-41.31575,174.784
2019-11-28T10:10:44.859813,205.0,-41.31575,174.784
2019-11-28T10:11:20.645692,205.0,-41.31585,174.78415
2019-11-28T10:11:36.744107,205.0,-41.31585,174.78415
2019-11-28T10:11:52.847749,205.0,-41.31585,174.78415
2019-11-28T10:12:28.636970,205.0,-41.315683333333,174.784166666667
2019-11-28T10:12:44.744111,204.0,-41.315683333333,174.784166666667
2019-11-28T10:13:00.852819,203.0,-41.315683333333,174.784166666667
2019-11-28T10:13:39.639545,203.0,-41.315766666667,174.784083333333
2019-11-28T10:13:55.736646,205.0,-41.315766666667,174.784083333333
2019-11-28T10:14:11.891522,203.0,-41.315766666667,174.784083333333
2019-11-28T10:14:56.620521,198.0,-41.31585,174.783566666667
2019-11-28T10:15:12.725720,198.0,-41.31585,174.783566666667
2019-11-28T10:15:28.822345,204.0,-41.31585,174.783566666667
2019-11-28T10:16:31.624840,201.0,-41.315916666667,174.784133333333
2019-11-28T10:16:47.717062,201.0,-41.315916666667,174.784133333333
2019-11-28T10:17:03.823988,201.0,-41.315916666667,174.784133333333
2019-11-28T10:17:49.632089,203.0,-41.315733333333,174.784083333333
2019-11-28T10:18:05.731475,205.0,-41.315733333333,174.784083333333
2019-11-28T10:18:21.839108,205.0,-41.315733333333,174.784083333333
2019-11-28T10:19:12.637819,204.0,-41.315616666667,174.784066666667
2019-11-28T10:19:28.717265,204.0,-41.315616666667,174.784066666667
2019-11-28T10:19:44.818310,204.0,-41.315616666667,174.784066666667
2019-11-28T10:21:19.638760,205.0,-41.315416666667,174.78375
2019-11-28T10:21:35.853671,205.0,-41.315416666667,174.78375
2019-11-28T10:21:51.831792,204.0,-41.315416666667,174.78375
2019-11-28T10:22:39.613315,205.0,-41.315483333333,174.784216666667
2019-11-28T10:22:55.715699,205.0,-41.315483333333,174.784216666667
2019-11-28T10:23:11.816318,207.0,-41.315483333333,174.784216666667
2019-11-28T10:24:31.621503,205.0,-41.31595,174.78395
2019-11-28T10:24:47.742224,205.0,-41.31595,174.78395
2019-11-28T10:25:03.838564,206.0,-41.31595,174.78395
2019-11-28T10:26:12.607154,205.0,-41.315733333333,174.784
2019-11-28T10:26:28.711171,205.0,-41.315733333333,174.784
2019-11-28T10:26:44.805199,202.0,-41.315733333333,174.784
2019-11-28T10:29:05.667625,207.0,-41.315583333333,174.784033333333
2019-11-28T10:29:21.782060,207.0,-41.315583333333,174.784033333333
2019-11-28T10:33:10.666766,208.0,-41.315916666667,174.78405
2019-11-28T10:33:26.758792,208.0,-41.315916666667,174.78405
2019-11-28T10:39:14.644712,207.0,-41.315633333333,174.784083333333
2019-11-28T10:39:30.760932,207.0,-41.315633333333,174.784083333333
2019-11-28T10:40:41.545624,207.0,-41.315916666667,174.784083333333
2019-11-28T10:40:57.646425,208.0,-41.315916666667,174.7839
2019-11-28T10:41:13.783950,208.0,-41.315916666667,174.7839
2019-11-28T10:44:31.653385,208.0,-41.315533333333,174.784083333333
2019-11-28T10:44:47.761769,208.0,-41.315533333333,174.784083333333
2019-11-28T10:45:53.524779,206.0,-41.315366666667,174.784083333333
2019-11-28T10:46:09.634192,207.0,-41.315366666667,174.784166666667
2019-11-28T10:46:25.760070,207.0,-41.315366666667,174.784166666667
2019-11-28T10:47:38.522664,207.0,-41.315683333333,174.784166666667
2019-11-28T10:47:54.628556,207.0,-41.315683333333,174.784116666667
2019-11-28T10:48:10.738736,207.0,-41.315683333333,174.784116666667
2019-11-28T10:50:25.624101,205.0,-41.315766666667,174.784466666667
2019-11-28T10:50:41.725754,207.0,-41.315766666667,174.784466666667
2019-11-28T10:52:54.624245,207.0,-41.3157,174.784016666667
2019-11-28T10:53:10.733264,207.0,-41.3157,174.784016666667
2019-11-28T10:54:36.516956,206.0,-41.315633333333,174.784016666667
2019-11-28T10:54:52.623118,207.0,-41.315633333333,174.784133333333
2019-11-28T10:55:08.745997,207.0,-41.315633333333,174.784133333333
2019-11-28T10:56:10.512948,206.0,-41.3156,174.784133333333
2019-11-28T10:56:26.626495,207.0,-41.3156,174.784116666667
2019-11-28T10:56:42.720257,207.0,-41.3156,174.784116666667
2019-11-28T10:57:33.516686,206.0,-41.315766666667,174.784116666667
2019-11-28T10:57:49.614159,207.0,-41.315766666667,174.7842
2019-11-28T10:58:05.715487,207.0,-41.315766666667,174.7842
2019-11-28T10:59:06.516732,207.0,-41.315516666667,174.7842
2019-11-28T10:59:22.608208,207.0,-41.315516666667,174.783566666667
2019-11-28T10:59:38.712804,207.0,-41.315516666667,174.783566666667
2019-11-28T11:02:43.612584,207.0,-41.315633333333,174.784083333333
2019-11-28T11:02:59.730757,207.0,-41.315633333333,174.784083333333
2019-11-28T11:05:48.600483,207.0,-41.31565,174.784166666667
2019-11-28T11:06:04.716397,207.0,-41.31565,174.784166666667
2019-11-28T11:09:12.605687,207.0,-41.31575,174.784216666667
2019-11-28T11:09:28.715207,207.0,-41.31575,174.784216666667
2019-11-28T11:10:29.493718,207.0,-41.315666666667,174.784216666667
2019-11-28T11:10:45.602948,207.0,-41.315666666667,174.783983333333
2019-11-28T11:11:01.713621,207.0,-41.315666666667,174.783983333333
2019-11-28T11:12:29.502160,207.0,-41.31565,174.783983333333
2019-11-28T11:12:45.605086,207.0,-41.31565,174.784066666667
2019-11-28T11:13:01.710001,208.0,-41.31565,174.784066666667
2019-11-28T11:20:50.607981,208.0,-41.315616666667,174.784033333333
2019-11-28T11:21:06.728038,208.0,-41.315616666667,174.784033333333
2019-11-28T11:22:11.474359,207.0,-41.315616666667,174.784033333333
2019-11-28T11:22:27.576922,208.0,-41.315616666667,174.783766666667
2019-11-28T11:22:43.690521,208.0,-41.315616666667,174.783766666667
2019-11-28T11:25:10.580872,208.0,-41.315633333333,174.783883333333
2019-11-28T11:25:26.691841,208.0,-41.315633333333,174.783883333333
2019-11-28T11:26:15.470785,208.0,-41.315666666667,174.783883333333
2019-11-28T11:26:31.571524,206.0,-41.315666666667,174.784116666667
2019-11-28T11:26:47.677210,208.0,-41.315666666667,174.784116666667
2019-11-28T11:27:27.459596,208.0,-41.315683333333,174.784116666667
2019-11-28T11:27:43.587668,208.0,-41.315683333333,174.78405
2019-11-28T11:27:59.671603,208.0,-41.315683333333,174.78405
2019-11-28T11:29:02.455486,207.0,-41.31565,174.78405
2019-11-28T11:29:18.556080,208.0,-41.31565,174.784
2019-11-28T11:29:34.684368,208.0,-41.31565,174.784
2019-11-28T11:31:12.469921,207.0,-41.315583333333,174.784
2019-11-28T11:31:28.571528,207.0,-41.315583333333,174.784
2019-11-28T11:31:44.664270,207.0,-41.315583333333,174.784
2019-11-28T11:35:46.574267,207.0,-41.315683333333,174.784033333333
2019-11-28T11:36:02.690706,207.0,-41.315683333333,174.784033333333
2019-11-28T11:37:27.464932,207.0,-41.315716666667,174.784033333333
2019-11-28T11:37:43.577135,207.0,-41.315716666667,174.78435
2019-11-28T11:37:59.679215,207.0,-41.315716666667,174.78435
2019-11-28T11:38:56.442683,208.0,-41.315616666667,174.78435
2019-11-28T11:39:12.553020,207.0,-41.315616666667,174.784
2019-11-28T11:39:28.656813,207.0,-41.315616666667,174.784
2019-11-28T11:40:29.449238,207.0,-41.315583333333,174.784
2019-11-28T11:40:45.555742,207.0,-41.315583333333,174.783866666667
2019-11-28T11:41:01.665359,207.0,-41.315583333333,174.783866666667
2019-11-28T11:42:13.440347,207.0,-41.3156,174.783866666667
2019-11-28T11:42:29.543587,207.0,-41.3156,174.784016666667
2019-11-28T11:42:45.664027,207.0,-41.3156,174.784016666667
2019-11-28T11:44:05.441465,207.0,-41.3147,174.784016666667
2019-11-28T11:44:21.525978,207.0,-41.3147,174.784016666667
2019-11-28T11:44:37.636769,207.0,-41.3147,174.784016666667
2019-11-28T11:45:26.437813,208.0,-41.31565,174.784016666667
2019-11-28T11:45:42.551629,207.0,-41.31565,174.784133333333
2019-11-28T11:45:58.642726,207.0,-41.31565,174.784133333333
2019-11-28T11:46:50.423081,208.0,-41.31585,174.784133333333
2019-11-28T11:47:06.540629,208.0,-41.31585,174.784333333333
2019-11-28T11:47:22.622186,208.0,-41.31585,174.784333333333
2019-11-28T11:48:22.430211,208.0,-41.3155,174.784333333333
2019-11-28T11:48:38.534767,207.0,-41.3155,174.784016666667
2019-11-28T11:48:54.634651,207.0,-41.3155,174.784016666667
2019-11-28T11:50:21.444121,208.0,-41.315616666667,174.784016666667
2019-11-28T11:50:37.529588,207.0,-41.315616666667,174.7841
2019-11-28T11:50:53.627198,207.0,-41.315616666667,174.7841
2019-11-28T11:51:46.424640,208.0,-41.315616666667,174.7841
2019-11-28T11:52:02.531527,207.0,-41.315616666667,174.784
2019-11-28T11:52:18.641202,207.0,-41.315616666667,174.784
2019-11-28T11:53:25.436888,207.0,-41.315716666667,174.784
2019-11-28T11:53:41.527989,207.0,-41.315716666667,174.784116666667
2019-11-28T11:53:57.667288,207.0,-41.315716666667,174.784116666667
2019-11-28T11:54:48.418438,208.0,-41.315766666667,174.784116666667
2019-11-28T11:55:04.516278,207.0,-41.315766666667,174.784033333333
2019-11-28T11:55:20.624174,207.0,-41.315766666667,174.784033333333
2019-11-28T11:56:21.415018,208.0,-41.315683333333,174.784033333333
2019-11-28T11:56:37.525281,207.0,-41.315683333333,174.784133333333
2019-11-28T11:56:53.654013,207.0,-41.315683333333,174.784133333333
2019-11-28T11:57:47.413534,208.0,-41.315616666667,174.784133333333
2019-11-28T11:58:03.511812,207.0,-41.315616666667,174.784083333333
2019-11-28T11:58:19.640381,207.0,-41.315616666667,174.784083333333
2019-11-28T11:59:10.409427,208.0,-41.315616666667,174.784083333333
2019-11-28T11:59:26.502569,207.0,-41.315616666667,174.783983333333
2019-11-28T11:59:42.599602,207.0,-41.315616666667,174.783983333333
2019-11-28T12:01:01.408391,208.0,-41.315666666667,174.783983333333
2019-11-28T12:01:17.525961,207.0,-41.315666666667,174.78385
2019-11-28T12:01:33.619473,207.0,-41.315666666667,174.78385
2019-11-28T12:02:35.414244,208.0,-41.315816666667,174.78385
2019-11-28T12:02:51.515532,207.0,-41.315816666667,174.784233333333
2019-11-28T12:03:07.602279,207.0,-41.315816666667,174.784233333333
2019-11-28T12:05:46.508821,207.0,-41.3157,174.784133333333
2019-11-28T12:06:02.616898,207.0,-41.3157,174.784133333333
2019-11-28T12:07:03.397648,207.0,-41.315666666667,174.784133333333
2019-11-28T12:07:19.501998,207.0,-41.315666666667,174.784183333333
2019-11-28T12:07:35.746335,207.0,-41.315666666667,174.784183333333
2019-11-28T12:09:06.405449,208.0,-41.315933333333,174.784183333333
2019-11-28T12:09:22.511767,208.0,-41.315933333333,174.784466666667
2019-11-28T12:09:38.626112,208.0,-41.315933333333,174.784466666667
2019-11-28T12:11:57.514870,207.0,-41.315566666667,174.784116666667
2019-11-28T12:12:13.626353,207.0,-41.315566666667,174.784116666667
2019-11-28T12:13:39.400752,207.0,-41.315766666667,174.784116666667
2019-11-28T12:13:55.504974,207.0,-41.315766666667,174.7841
2019-11-28T12:14:11.603815,207.0,-41.315766666667,174.7841
2019-11-28T12:15:10.389049,208.0,-41.316383333333,174.7841
2019-11-28T12:15:26.498205,207.0,-41.316383333333,174.784
2019-11-28T12:15:42.591912,207.0,-41.316383333333,174.784
2019-11-28T12:16:32.382730,207.0,-41.3157,174.784
2019-11-28T12:16:48.481474,207.0,-41.3157,174.784183333333
2019-11-28T12:17:04.578858,206.0,-41.3157,174.784183333333
2019-11-28T12:18:05.386276,207.0,-41.315533333333,174.784183333333
2019-11-28T12:18:21.493255,206.0,-41.315533333333,174.7841
2019-11-28T12:18:37.587753,206.0,-41.315533333333,174.7841
2019-11-28T12:20:02.410219,207.0,-41.315616666667,174.7841
2019-11-28T12:20:18.519562,206.0,-41.315616666667,174.784183333333
2019-11-28T12:20:34.624632,206.0,-41.315616666667,174.784183333333
2019-11-28T12:21:41.380191,206.0,-41.31555,174.784183333333
2019-11-28T12:21:57.489921,207.0,-41.31555,174.7841
2019-11-28T12:22:13.607545,207.0,-41.31555,174.7841
2019-11-28T12:23:48.374020,207.0,-41.315583333333,174.7841
2019-11-28T12:24:04.481184,207.0,-41.315583333333,174.784066666667
2019-11-28T12:24:20.577102,207.0,-41.315583333333,174.784066666667
2019-11-28T12:25:16.386820,207.0,-41.315733333333,174.784066666667
2019-11-28T12:25:32.488778,207.0,-41.315733333333,174.7841
2019-11-28T12:25:48.593444,207.0,-41.315733333333,174.7841
2019-11-28T12:26:42.378101,207.0,-41.315583333333,174.7841
2019-11-28T12:26:58.483892,206.0,-41.315583333333,174.784133333333
2019-11-28T12:27:14.583481,207.0,-41.315583333333,174.784133333333
2019-11-28T12:28:37.384645,207.0,-41.315783333333,174.784133333333
2019-11-28T12:28:53.479983,207.0,-41.315783333333,174.7842
2019-11-28T12:29:09.602743,207.0,-41.315783333333,174.7842
2019-11-28T12:30:07.390531,207.0,-41.315616666667,174.7842
2019-11-28T12:30:23.483702,206.0,-41.315616666667,174.7841
2019-11-28T12:30:39.585034,207.0,-41.315616666667,174.7841
2019-11-28T12:31:37.374536,208.0,-41.3155,174.7841
2019-11-28T12:31:53.470521,207.0,-41.3155,174.78405
2019-11-28T12:32:09.580537,207.0,-41.3155,174.78405
2019-11-28T12:33:31.369502,208.0,-41.3154,174.78405
2019-11-28T12:33:47.466978,207.0,-41.3154,174.78425
2019-11-28T12:34:03.588751,207.0,-41.3154,174.78425
2019-11-28T12:37:07.465349,207.0,-41.3158,174.784233333333
2019-11-28T12:37:23.577224,207.0,-41.3158,174.784233333333
2019-11-28T12:38:30.353559,207.0,-41.315616666667,174.784233333333
2019-11-28T12:38:46.455373,207.0,-41.315616666667,174.7842
2019-11-28T12:39:02.569995,207.0,-41.315616666667,174.7842
2019-11-28T12:40:12.362705,207.0,-41.315666666667,174.7842
2019-11-28T12:40:28.481228,207.0,-41.315666666667,174.784283333333
2019-11-28T12:40:44.560045,207.0,-41.315666666667,174.784283333333
2019-11-28T12:42:01.353995,207.0,-41.315716666667,174.784283333333
2019-11-28T12:42:17.454949,207.0,-41.315716666667,174.78405
2019-11-28T12:42:33.557677,207.0,-41.315716666667,174.78405
2019-11-28T12:44:01.353413,207.0,-41.31565,174.78405
2019-11-28T12:44:17.455976,207.0,-41.31565,174.784166666667
2019-11-28T12:44:33.572673,207.0,-41.31565,174.784166666667
2019-11-28T12:45:44.349581,207.0,-41.315633333333,174.784166666667
2019-11-28T12:46:00.443356,207.0,-41.315633333333,174.784183333333
2019-11-28T12:46:16.538867,207.0,-41.315633333333,174.784183333333
2019-11-28T12:49:28.444069,207.0,-41.315633333333,174.78415
2019-11-28T12:49:44.535447,207.0,-41.315633333333,174.78415
2019-11-28T12:51:31.337430,207.0,-41.315616666667,174.78415
2019-11-28T12:51:47.447191,207.0,-41.315616666667,174.7843
2019-11-28T12:52:03.540859,207.0,-41.315616666667,174.7843
2019-11-28T12:55:48.445599,207.0,-41.315566666667,174.78415
2019-11-28T12:56:04.558881,207.0,-41.315566666667,174.78415
2019-11-28T12:58:45.455321,207.0,-41.315683333333,174.784216666667
2019-11-28T12:59:01.580841,207.0,-41.315683333333,174.784216666667
2019-11-28T13:02:27.427670,207.0,-41.315566666667,174.78415
2019-11-28T13:02:43.531793,207.0,-41.315566666667,174.78415
2019-11-28T13:04:56.424791,207.0,-41.3156,174.784133333333
2019-11-28T13:05:12.543180,207.0,-41.3156,174.784133333333
2019-11-28T13:13:20.415763,207.0,-41.315533333333,174.784183333333
2019-11-28T13:13:36.555425,207.0,-41.315533333333,174.784183333333
2019-11-28T13:14:55.291715,208.0,-41.315533333333,174.784183333333
2019-11-28T13:15:11.419306,207.0,-41.315533333333,174.784116666667
2019-11-28T13:15:27.536641,207.0,-41.315533333333,174.784116666667
2019-11-28T13:16:27.299321,208.0,-41.31565,174.784116666667
2019-11-28T13:16:43.418137,207.0,-41.31565,174.784266666667
2019-11-28T13:16:59.535307,207.0,-41.31565,174.784266666667
2019-11-28T13:19:31.503957,207.0,-41.315616666667,174.78405
2019-11-28T13:19:47.511733,208.0,-41.315616666667,174.78405
2019-11-28T13:23:40.399557,207.0,-41.315633333333,174.784216666667
2019-11-28T13:23:56.517789,207.0,-41.315633333333,174.784216666667
2019-11-28T13:25:13.286362,207.0,-41.3156,174.784216666667
2019-11-28T13:25:29.386760,207.0,-41.3156,174.784166666667
2019-11-28T13:25:45.501408,207.0,-41.3156,174.784166666667
2019-11-28T13:27:54.388605,207.0,-41.315433333333,174.784083333333
2019-11-28T13:28:10.506652,207.0,-41.315433333333,174.784083333333
2019-11-28T13:29:15.271422,207.0,-41.315566666667,174.784083333333
2019-11-28T13:29:31.379078,207.0,-41.315566666667,174.7841
2019-11-28T13:29:47.600210,207.0,-41.315566666667,174.7841
2019-11-28T13:30:46.269196,207.0,-41.31555,174.7841
2019-11-28T13:31:02.384907,207.0,-41.31555,174.78385
2019-11-28T13:31:18.516737,207.0,-41.31555,174.78385
2019-11-28T13:33:54.381762,207.0,-41.315566666667,174.78405
2019-11-28T13:34:10.481058,207.0,-41.315566666667,174.78405
2019-11-28T13:35:01.263678,207.0,-41.315633333333,174.78405
2019-11-28T13:35:17.370454,207.0,-41.315633333333,174.78425
2019-11-28T13:35:33.489437,207.0,-41.315633333333,174.78425
2019-11-28T13:36:46.261369,207.0,-41.31565,174.78425
2019-11-28T13:37:02.357176,207.0,-41.31565,174.78405
2019-11-28T13:37:18.477345,207.0,-41.31565,174.78405
2019-11-28T13:38:43.282791,207.0,-41.3156,174.78405
2019-11-28T13:38:59.396538,207.0,-41.3156,174.784333333333
2019-11-28T13:39:15.506888,207.0,-41.3156,174.784333333333
2019-11-28T13:41:25.360141,207.0,-41.315633333333,174.784266666667
2019-11-28T13:41:41.467804,207.0,-41.315633333333,174.784266666667
2019-11-28T13:42:55.258459,207.0,-41.315616666667,174.784266666667
2019-11-28T13:43:11.360590,207.0,-41.315616666667,174.78435
2019-11-28T13:43:27.472767,207.0,-41.315616666667,174.78435
2019-11-28T13:44:31.254131,206.0,-41.315683333333,174.78435
2019-11-28T13:44:47.363390,207.0,-41.315683333333,174.78415
2019-11-28T13:45:03.474280,207.0,-41.315683333333,174.78415
2019-11-28T13:48:37.370120,208.0,-41.315483333333,174.784566666667
2019-11-28T13:48:53.469481,207.0,-41.315483333333,174.784566666667
2019-11-28T14:10:17.361498,207.0,-41.315716666667,174.784033333333
2019-11-28T14:10:33.575483,207.0,-41.315716666667,174.784033333333
2019-11-28T14:17:19.330678,206.0,-41.315616666667,174.784016666667
2019-11-28T14:17:35.433279,206.0,-41.315616666667,174.784016666667
2019-11-28T14:19:57.317997,207.0,-41.3156,174.784016666667
2019-11-28T14:20:13.441330,207.0,-41.3156,174.784016666667
2019-11-28T14:21:26.187922,207.0,-41.315683333333,174.784016666667
2019-11-28T14:21:42.303889,207.0,-41.315683333333,174.78435
2019-11-28T14:21:58.430436,207.0,-41.315683333333,174.78435
2019-11-28T14:23:09.183065,207.0,-41.315716666667,174.78435
2019-11-28T14:23:25.296676,207.0,-41.315716666667,174.784116666667
2019-11-28T14:23:41.417723,207.0,-41.315716666667,174.784116666667
2019-11-28T14:24:47.183825,207.0,-41.31575,174.784116666667
2019-11-28T14:25:03.298556,207.0,-41.31575,174.78395
2019-11-28T14:25:19.418119,207.0,-41.31575,174.78395
2019-11-28T14:26:30.176515,207.0,-41.315166666667,174.78395
2019-11-28T14:26:46.286983,207.0,-41.315166666667,174.783766666667
2019-11-28T14:27:02.399634,207.0,-41.315166666667,174.783766666667
2019-11-28T14:28:01.172786,207.0,-41.315583333333,174.783766666667
2019-11-28T14:28:17.299484,207.0,-41.315583333333,174.784516666667
2019-11-28T14:28:33.398483,207.0,-41.315583333333,174.784516666667
2019-11-28T14:29:50.179187,207.0,-41.31585,174.784516666667
2019-11-28T14:30:06.397579,207.0,-41.31585,174.784083333333
2019-11-28T14:30:22.406347,207.0,-41.31585,174.784083333333
2019-11-28T14:31:10.184889,207.0,-41.3157,174.784083333333
2019-11-28T14:31:26.288669,207.0,-41.3157,174.784266666667
2019-11-28T14:31:42.410704,207.0,-41.3157,174.784266666667
2019-11-28T14:32:51.177685,207.0,-41.315783333333,174.784266666667
2019-11-28T14:33:07.290078,207.0,-41.315783333333,174.784216666667
2019-11-28T14:33:23.384563,207.0,-41.315783333333,174.784216666667
2019-11-28T14:34:38.169764,207.0,-41.315633333333,174.784216666667
2019-11-28T14:34:54.275981,207.0,-41.315633333333,174.7841
2019-11-28T14:35:10.392117,207.0,-41.315633333333,174.7841
2019-11-28T14:36:26.166691,207.0,-41.315733333333,174.7841
2019-11-28T14:36:42.279678,207.0,-41.315733333333,174.7841
2019-11-28T14:36:58.397893,207.0,-41.315733333333,174.7841
2019-11-28T14:37:55.160034,207.0,-41.315766666667,174.7841
2019-11-28T14:38:11.274153,206.0,-41.315766666667,174.784033333333
2019-11-28T14:38:27.370776,207.0,-41.315766666667,174.784033333333
2019-11-28T14:39:13.177288,207.0,-41.3157,174.784033333333
2019-11-28T14:39:29.292561,206.0,-41.3157,174.784066666667
2019-11-28T14:39:45.390063,207.0,-41.3157,174.784066666667
2019-11-28T14:40:49.155471,207.0,-41.31575,174.784066666667
2019-11-28T14:41:05.266002,207.0,-41.31575,174.784116666667
2019-11-28T14:41:21.379382,207.0,-41.31575,174.784116666667
2019-11-28T14:42:21.161383,206.0,-41.315633333333,174.784116666667
2019-11-28T14:42:37.273130,207.0,-41.315633333333,174.783916666667
2019-11-28T14:42:53.394071,208.0,-41.315633333333,174.783916666667
2019-11-28T14:43:48.151101,207.0,-41.3157,174.783916666667
2019-11-28T14:44:04.268943,206.0,-41.3157,174.78405
2019-11-28T14:44:20.380121,206.0,-41.3157,174.78405
2019-11-28T14:47:30.256982,207.0,-41.3157,174.784116666667
2019-11-28T14:47:46.504989,207.0,-41.3157,174.784116666667
2019-11-28T14:48:35.139711,207.0,-41.315683333333,174.784116666667
2019-11-28T14:48:51.253977,207.0,-41.315683333333,174.78415
2019-11-28T14:49:07.363756,207.0,-41.315683333333,174.78415
2019-11-28T14:50:19.156328,207.0,-41.315566666667,174.78415
2019-11-28T14:50:35.242738,207.0,-41.315566666667,174.784133333333
2019-11-28T14:50:51.347433,207.0,-41.315566666667,174.784133333333
2019-11-28T14:53:53.261447,207.0,-41.31565,174.78415
2019-11-28T14:54:09.380099,207.0,-41.31565,174.78415
2019-11-28T14:54:56.132744,207.0,-41.315683333333,174.78415
2019-11-28T14:55:12.246081,207.0,-41.315683333333,174.784033333333
2019-11-28T14:55:28.357798,207.0,-41.315683333333,174.784033333333
2019-11-28T14:58:13.250425,207.0,-41.31565,174.784133333333
2019-11-28T14:58:29.369067,207.0,-41.31565,174.784133333333
2019-11-28T14:59:47.134621,207.0,-41.315666666667,174.784133333333
2019-11-28T15:00:03.352170,207.0,-41.315666666667,174.784083333333
2019-11-28T15:00:19.363593,207.0,-41.315666666667,174.784083333333
2019-11-28T15:02:30.238122,207.0,-41.315716666667,174.784133333333
2019-11-28T15:02:46.340226,207.0,-41.315716666667,174.784133333333
2019-11-28T15:25:31.083942,206.0,-41.3157,174.78415
2019-11-28T15:25:47.206145,206.0,-41.3157,174.784316666667
2019-11-28T15:26:03.313117,206.0,-41.3157,174.784316666667
2019-11-28T15:26:57.079816,206.0,-41.315783333333,174.784316666667
2019-11-28T15:27:13.182598,206.0,-41.315783333333,174.784133333333
2019-11-28T15:27:29.277292,206.0,-41.315783333333,174.784133333333
2019-11-28T15:28:18.078335,206.0,-41.3157,174.784133333333
2019-11-28T15:28:34.181504,206.0,-41.3157,174.7841
2019-11-28T15:28:50.288104,206.0,-41.3157,174.7841
2019-11-28T15:29:44.084930,206.0,-41.31575,174.7841
2019-11-28T15:30:00.198442,206.0,-41.31575,174.784133333333
2019-11-28T15:30:16.292575,206.0,-41.31575,174.784133333333
2019-11-28T15:31:10.086655,205.0,-41.315716666667,174.784133333333
2019-11-28T15:31:26.187589,206.0,-41.315716666667,174.7841
2019-11-28T15:31:42.305169,206.0,-41.315716666667,174.7841
2019-11-28T15:32:39.082662,205.0,-41.315733333333,174.7841
2019-11-28T15:32:55.191072,206.0,-41.315733333333,174.783983333333
2019-11-28T15:33:11.308480,207.0,-41.315733333333,174.783983333333
2019-11-28T15:33:50.084328,206.0,-41.315616666667,174.783983333333
2019-11-28T15:34:06.249276,206.0,-41.315616666667,174.784066666667
2019-11-28T15:34:22.311433,205.0,-41.315616666667,174.784066666667
2019-11-28T15:35:01.079811,205.0,-41.31565,174.784066666667
2019-11-28T15:35:17.188301,206.0,-41.31565,174.784083333333
2019-11-28T15:35:33.309070,206.0,-41.31565,174.784083333333
2019-11-28T15:36:19.069098,205.0,-41.315733333333,174.784083333333
2019-11-28T15:36:35.166455,206.0,-41.315733333333,174.784133333333
2019-11-28T15:36:51.263046,206.0,-41.315733333333,174.784133333333
2019-11-28T15:37:27.066585,205.0,-41.315733333333,174.784133333333
2019-11-28T15:37:43.169975,206.0,-41.315733333333,174.78415
2019-11-28T15:37:59.297915,206.0,-41.315733333333,174.78415
2019-11-28T15:38:34.074915,205.0,-41.315666666667,174.78415
2019-11-28T15:38:50.177745,206.0,-41.315666666667,174.78395
2019-11-28T15:39:06.289079,206.0,-41.315666666667,174.78395
2019-11-28T15:39:43.062242,205.0,-41.315683333333,174.78395
2019-11-28T15:39:59.163274,207.0,-41.315683333333,174.784066666667
2019-11-28T15:40:15.279413,205.0,-41.315683333333,174.784066666667
2019-11-28T15:40:56.072460,206.0,-41.315666666667,174.784066666667
2019-11-28T15:41:12.180072,205.0,-41.315666666667,174.78395
2019-11-28T15:41:28.290880,207.0,-41.315666666667,174.78395
2019-11-28T15:42:04.062468,206.0,-41.315666666667,174.78395
2019-11-28T15:42:20.170673,207.0,-41.315666666667,174.7841
2019-11-28T15:42:36.285198,207.0,-41.315666666667,174.7841
2019-11-28T15:43:13.063476,205.0,-41.315616666667,174.7841
2019-11-28T15:43:29.162980,205.0,-41.315616666667,174.78415
2019-11-28T15:43:45.262487,207.0,-41.315616666667,174.78415
2019-11-28T15:44:32.060729,206.0,-41.315683333333,174.78415
2019-11-28T15:44:48.168386,207.0,-41.315683333333,174.784233333333
2019-11-28T15:45:04.270548,207.0,-41.315683333333,174.784233333333
2019-11-28T15:45:47.055299,206.0,-41.315633333333,174.784233333333
2019-11-28T15:46:03.167113,207.0,-41.315633333333,174.784166666667
2019-11-28T15:46:19.274960,207.0,-41.315633333333,174.784166666667
2019-11-28T15:47:00.073299,206.0,-41.31555,174.784166666667
2019-11-28T15:47:16.162076,207.0,-41.31555,174.78405
2019-11-28T15:47:32.253621,207.0,-41.31555,174.78405
2019-11-28T15:48:19.059868,206.0,-41.3155,174.78405
2019-11-28T15:48:35.159916,207.0,-41.3155,174.783966666667
2019-11-28T15:48:51.262627,207.0,-41.3155,174.783966666667
2019-11-28T15:49:33.051995,206.0,-41.31565,174.783966666667
2019-11-28T15:49:49.168329,207.0,-41.31565,174.78415
2019-11-28T15:50:05.249940,207.0,-41.31565,174.78415
2019-11-28T15:50:47.048410,206.0,-41.315666666667,174.78415
2019-11-28T15:51:03.147625,207.0,-41.315666666667,174.784166666667
2019-11-28T15:51:19.254361,207.0,-41.315666666667,174.784166666667
2019-11-28T15:52:00.054904,206.0,-41.31575,174.784166666667
2019-11-28T15:52:16.147349,207.0,-41.31575,174.78415
2019-11-28T15:52:32.264954,207.0,-41.31575,174.78415
2019-11-28T15:53:18.056774,206.0,-41.315633333333,174.78415
2019-11-28T15:53:34.142568,207.0,-41.315633333333,174.784066666667
2019-11-28T15:53:50.255281,207.0,-41.315633333333,174.784066666667
2019-11-28T15:54:39.044911,206.0,-41.315666666667,174.784066666667
2019-11-28T15:54:55.140265,207.0,-41.315666666667,174.784183333333
2019-11-28T15:55:11.251795,207.0,-41.315666666667,174.784183333333
2019-11-28T15:55:50.047152,206.0,-41.3157,174.784183333333
2019-11-28T15:56:06.147379,207.0,-41.3157,174.7842
2019-11-28T15:56:22.263953,207.0,-41.3157,174.7842
2019-11-28T15:57:36.044665,206.0,-41.315583333333,174.7842
2019-11-28T15:57:52.148575,207.0,-41.315583333333,174.784216666667
2019-11-28T15:58:08.257027,207.0,-41.315583333333,174.784216666667
2019-11-28T15:59:03.044821,206.0,-41.31565,174.784216666667
2019-11-28T15:59:19.140325,207.0,-41.31565,174.784033333333
2019-11-28T15:59:35.251052,207.0,-41.31565,174.784033333333
2019-11-28T16:00:20.032539,206.0,-41.315816666667,174.784033333333
2019-11-28T16:00:36.132636,207.0,-41.315816666667,174.784166666667
2019-11-28T16:00:52.228007,207.0,-41.315816666667,174.784166666667
2019-11-28T16:01:39.037351,206.0,-41.315583333333,174.784166666667
2019-11-28T16:01:55.151890,207.0,-41.315583333333,174.7842
2019-11-28T16:02:11.247931,207.0,-41.315583333333,174.7842
2019-11-28T16:03:05.023925,206.0,-41.315816666667,174.7842
2019-11-28T16:03:21.119901,207.0,-41.315816666667,174.784166666667
2019-11-28T16:03:37.226010,207.0,-41.315816666667,174.784166666667
2019-11-28T16:04:27.026921,206.0,-41.3158,174.784166666667
2019-11-28T16:04:43.126520,207.0,-41.3158,174.784166666667
2019-11-28T16:04:59.229992,207.0,-41.3158,174.784166666667
2019-11-28T16:06:21.034859,206.0,-41.315916666667,174.784166666667
2019-11-28T16:06:37.112454,207.0,-41.315916666667,174.784083333333
2019-11-28T16:06:53.221884,207.0,-41.315916666667,174.784083333333
2019-11-28T16:11:11.128931,207.0,-41.3158,174.7841
2019-11-28T16:11:27.206850,207.0,-41.3158,174.7841
2019-11-28T16:13:02.007092,207.0,-41.316166666667,174.7841
2019-11-28T16:13:18.225856,207.0,-41.316166666667,174.7843
2019-11-28T16:13:34.224244,207.0,-41.316166666667,174.7843
2019-11-28T16:15:07.003639,207.0,-41.316,174.7843
2019-11-28T16:15:23.104794,207.0,-41.316,174.784283333333
2019-11-28T16:15:39.207179,207.0,-41.316,174.784283333333
2019-11-28T16:17:00.004069,207.0,-41.315683333333,174.784283333333
2019-11-28T16:17:16.102456,207.0,-41.315683333333,174.784066666667
2019-11-28T16:17:32.304351,207.0,-41.315683333333,174.784066666667
2019-11-28T16:18:20.999613,207.0,-41.3157,174.784066666667
2019-11-28T16:18:37.095856,207.0,-41.3157,174.784183333333
2019-11-28T16:18:53.193698,207.0,-41.3157,174.784183333333
2019-11-28T16:19:51.002153,207.0,-41.315866666667,174.784183333333
2019-11-28T16:20:07.110818,207.0,-41.315866666667,174.784083333333
2019-11-28T16:20:23.235549,207.0,-41.315866666667,174.784083333333
2019-11-28T16:21:32.998687,207.0,-41.31595,174.784083333333
2019-11-28T16:21:49.122219,207.0,-41.31595,174.784066666667
2019-11-28T16:22:05.219626,207.0,-41.31595,174.784066666667
2019-11-28T16:24:23.104004,207.0,-41.316216666667,174.78415
2019-11-28T16:24:39.219327,207.0,-41.316216666667,174.78415
2019-11-28T16:25:39.989156,207.0,-41.315716666667,174.78415
2019-11-28T16:25:56.097068,207.0,-41.315716666667,174.784183333333
2019-11-28T16:26:12.189968,207.0,-41.315716666667,174.784183333333
2019-11-28T16:27:47.982438,207.0,-41.31595,174.784183333333
2019-11-28T16:28:04.097367,207.0,-41.31595,174.78365
2019-11-28T16:28:20.215251,207.0,-41.31595,174.78365
2019-11-28T16:29:32.982898,207.0,-41.316083333333,174.78365
2019-11-28T16:29:49.098966,207.0,-41.316083333333,174.784133333333
2019-11-28T16:30:05.209207,207.0,-41.316083333333,174.784133333333
2019-11-28T16:31:07.985727,207.0,-41.315716666667,174.784133333333
2019-11-28T16:31:24.081154,207.0,-41.315716666667,174.784133333333
2019-11-28T16:31:40.189830,207.0,-41.315716666667,174.784133333333
2019-11-28T16:32:31.978360,207.0,-41.31575,174.784133333333
2019-11-28T16:32:48.092542,207.0,-41.31575,174.78405
2019-11-28T16:33:04.186589,207.0,-41.31575,174.78405
2019-11-28T16:34:15.985574,207.0,-41.31565,174.78405
2019-11-28T16:34:32.077110,207.0,-41.31565,174.78395
2019-11-28T16:34:48.185840,207.0,-41.31565,174.78395
2019-11-28T16:35:44.991854,207.0,-41.31575,174.78395
2019-11-28T16:36:01.087801,207.0,-41.31575,174.784266666667
2019-11-28T16:36:17.193448,207.0,-41.31575,174.784266666667
2019-11-28T16:36:58.975803,207.0,-41.315633333333,174.784266666667
2019-11-28T16:37:15.074033,207.0,-41.315633333333,174.784116666667
2019-11-28T16:37:31.176109,207.0,-41.315633333333,174.784116666667
2019-11-28T16:38:19.976970,207.0,-41.315716666667,174.784116666667
2019-11-28T16:38:36.216535,207.0,-41.315716666667,174.7841
2019-11-28T16:38:52.182592,207.0,-41.315716666667,174.7841
2019-11-28T16:39:38.985764,207.0,-41.3157,174.7841
2019-11-28T16:39:55.080175,207.0,-41.3157,174.78415
2019-11-28T16:40:11.169710,207.0,-41.3157,174.78415
2019-11-28T16:41:18.974771,207.0,-41.315666666667,174.78415
2019-11-28T16:41:35.077637,207.0,-41.315666666667,174.78425
2019-11-28T16:41:51.195143,207.0,-41.315666666667,174.78425
2019-11-28T16:42:52.970118,207.0,-41.315716666667,174.78425
2019-11-28T16:43:09.095580,207.0,-41.315716666667,174.784183333333
2019-11-28T16:43:25.188809,207.0,-41.315716666667,174.784183333333
2019-11-28T16:44:16.999814,207.0,-41.315616666667,174.784183333333
2019-11-28T16:44:33.056563,207.0,-41.315616666667,174.784066666667
2019-11-28T16:44:49.161155,207.0,-41.315616666667,174.784066666667
2019-11-28T16:45:38.962475,207.0,-41.31565,174.784066666667
2019-11-28T16:45:55.067428,207.0,-41.31565,174.7841
2019-11-28T16:46:11.162771,207.0,-41.31565,174.7841
2019-11-28T16:46:56.964739,207.0,-41.31575,174.7841
2019-11-28T16:47:13.060852,207.0,-41.31575,174.784216666667
2019-11-28T16:47:29.164007,207.0,-41.31575,174.784216666667
2019-11-28T16:48:22.959858,207.0,-41.352733333333,174.784216666667
2019-11-28T16:48:39.062992,208.0,-41.352733333333,174.590766666667
2019-11-28T16:48:55.172184,207.0,-41.352733333333,174.590766666667
2019-11-28T16:49:40.956526,207.0,-41.315683333333,174.590766666667
2019-11-28T16:49:57.048243,207.0,-41.315683333333,174.7841
2019-11-28T16:50:13.143581,207.0,-41.315683333333,174.7841
2019-11-28T16:51:44.951946,207.0,-41.315783333333,174.7841
2019-11-28T16:52:01.044389,207.0,-41.315783333333,174.784383333333
2019-11-28T16:52:17.164518,207.0,-41.315783333333,174.784383333333
2019-11-28T16:53:07.953756,207.0,-41.3156,174.784383333333
2019-11-28T16:53:24.059123,207.0,-41.3156,174.784116666667
2019-11-28T16:53:40.166797,207.0,-41.3156,174.784116666667
2019-11-28T16:54:32.948015,207.0,-41.31565,174.784116666667
2019-11-28T16:54:49.052395,207.0,-41.31565,174.784183333333
2019-11-28T16:55:05.166451,207.0,-41.31565,174.784183333333
2019-11-28T16:55:51.956578,207.0,-41.315666666667,174.784183333333
2019-11-28T16:56:08.055637,207.0,-41.315666666667,174.784233333333
2019-11-28T16:56:24.164016,207.0,-41.315666666667,174.784233333333
2019-11-28T16:57:05.950867,207.0,-41.3156,174.784233333333
2019-11-28T16:57:22.057897,207.0,-41.3156,174.78415
2019-11-28T16:57:38.167716,207.0,-41.3156,174.78415
2019-11-28T16:58:23.942848,207.0,-41.315666666667,174.78415
2019-11-28T16:58:40.052161,207.0,-41.315666666667,174.78415
2019-11-28T16:58:56.138760,207.0,-41.315666666667,174.78415
2019-11-28T17:00:42.949593,207.0,-41.315616666667,174.78415
2019-11-28T17:00:59.067184,207.0,-41.315616666667,174.784116666667
2019-11-28T17:01:15.152493,207.0,-41.315616666667,174.784116666667
2019-11-28T17:02:11.933166,207.0,-41.315616666667,174.784116666667
2019-11-28T17:02:28.051997,207.0,-41.315616666667,174.784066666667
2019-11-28T17:02:44.131822,207.0,-41.315616666667,174.784066666667
2019-11-28T17:03:39.940528,207.0,-41.315616666667,174.784066666667
2019-11-28T17:03:56.027521,207.0,-41.315616666667,174.784083333333
2019-11-28T17:04:12.129332,207.0,-41.315616666667,174.784083333333
2019-11-28T17:05:22.925060,207.0,-41.315583333333,174.784083333333
2019-11-28T17:05:39.026045,207.0,-41.315583333333,174.78395
2019-11-28T17:05:55.122306,207.0,-41.315583333333,174.78395
2019-11-28T17:06:48.936835,206.0,-41.3156,174.78395
2019-11-28T17:07:05.046991,207.0,-41.3156,174.784
2019-11-28T17:07:21.128628,207.0,-41.3156,174.784
2019-11-28T17:08:11.920533,207.0,-41.3156,174.784
2019-11-28T17:08:28.017391,207.0,-41.3156,174.783883333333
2019-11-28T17:08:44.110060,207.0,-41.3156,174.783883333333
2019-11-28T17:09:38.918568,206.0,-41.315616666667,174.783883333333
2019-11-28T17:09:55.034232,207.0,-41.315616666667,174.78405
2019-11-28T17:10:11.141698,207.0,-41.315616666667,174.78405
2019-11-28T17:10:52.922965,206.0,-41.315566666667,174.78405
2019-11-28T17:11:09.018053,207.0,-41.315566666667,174.7838
2019-11-28T17:11:25.115389,207.0,-41.315566666667,174.7838
2019-11-28T17:12:20.913559,206.0,-41.315633333333,174.7838
2019-11-28T17:12:37.017020,207.0,-41.315633333333,174.784
2019-11-28T17:12:53.115569,207.0,-41.315633333333,174.784
2019-11-28T17:13:32.923831,206.0,-41.31565,174.784
2019-11-28T17:13:49.009750,207.0,-41.31565,174.784083333333
2019-11-28T17:14:05.096494,207.0,-41.31565,174.784083333333
2019-11-28T17:14:44.911137,206.0,-41.3156,174.784083333333
2019-11-28T17:15:01.031087,207.0,-41.3156,174.784033333333
2019-11-28T17:15:17.113114,207.0,-41.3156,174.784033333333
2019-11-28T17:15:52.910587,206.0,-41.3156,174.784033333333
2019-11-28T17:16:09.014917,207.0,-41.3156,174.784083333333
2019-11-28T17:16:25.102099,207.0,-41.3156,174.784083333333
2019-11-28T17:16:59.910556,206.0,-41.315533333333,174.784083333333
2019-11-28T17:17:15.999009,207.0,-41.315533333333,174.7842
2019-11-28T17:17:32.099104,207.0,-41.315533333333,174.7842
2019-11-28T17:18:09.911022,206.0,-41.31565,174.7842
2019-11-28T17:18:26.012634,206.0,-41.31565,174.784033333333
2019-11-28T17:18:42.126682,207.0,-41.31565,174.784033333333
2019-11-28T17:19:38.902778,207.0,-41.315816666667,174.784033333333
2019-11-28T17:19:55.011837,207.0,-41.315816666667,174.784333333333
2019-11-28T17:20:11.131430,207.0,-41.315816666667,174.784333333333
2019-11-28T17:20:59.917187,205.0,-41.3158,174.784333333333
2019-11-28T17:21:16.005641,207.0,-41.3158,174.784166666667
2019-11-28T17:21:32.106350,207.0,-41.3158,174.784166666667
2019-11-28T17:22:33.902569,206.0,-41.315733333333,174.784166666667
2019-11-28T17:22:49.996487,207.0,-41.315733333333,174.78425
2019-11-28T17:23:06.096558,206.0,-41.315733333333,174.78425
2019-11-28T17:23:44.897697,206.0,-41.31565,174.78425
2019-11-28T17:24:01.000895,207.0,-41.31565,174.78405
2019-11-28T17:24:17.097908,207.0,-41.31565,174.78405
2019-11-28T17:25:04.895538,206.0,-41.31565,174.78405
2019-11-28T17:25:20.996872,207.0,-41.31565,174.784083333333
2019-11-28T17:25:37.112936,207.0,-41.31565,174.784083333333
2019-11-28T17:26:25.904556,206.0,-41.31565,174.784083333333
2019-11-28T17:26:41.989127,207.0,-41.31565,174.784083333333
2019-11-28T17:26:58.086816,207.0,-41.31565,174.784083333333
2019-11-28T17:28:02.888372,206.0,-41.31565,174.784083333333
2019-11-28T17:28:18.996495,207.0,-41.31565,174.783816666667
2019-11-28T17:28:35.103144,207.0,-41.31565,174.783816666667
2019-11-28T17:29:27.911282,206.0,-41.315666666667,174.783816666667
2019-11-28T17:29:44.013419,207.0,-41.315666666667,174.783983333333
2019-11-28T17:30:00.100464,207.0,-41.315666666667,174.783983333333
2019-11-28T17:30:48.898108,206.0,-41.315683333333,174.783983333333
2019-11-28T17:31:04.993202,207.0,-41.315683333333,174.784083333333
2019-11-28T17:31:21.109612,207.0,-41.315683333333,174.784083333333
2019-11-28T17:32:10.888299,206.0,-41.3157,174.784083333333
2019-11-28T17:32:26.979560,207.0,-41.3157,174.784033333333
2019-11-28T17:32:43.086621,207.0,-41.3157,174.784033333333
2019-11-28T17:33:35.888599,206.0,-41.315633333333,174.784033333333
2019-11-28T17:33:51.980864,207.0,-41.315633333333,174.784033333333
2019-11-28T17:34:08.088467,207.0,-41.315633333333,174.784033333333
2019-11-28T17:34:48.894444,206.0,-41.315616666667,174.784033333333
2019-11-28T17:35:04.976496,207.0,-41.315616666667,174.784033333333
2019-11-28T17:35:21.087894,207.0,-41.315616666667,174.784033333333
2019-11-28T17:36:12.890408,206.0,-41.3157,174.784033333333
2019-11-28T17:36:29.008715,207.0,-41.3157,174.784133333333
2019-11-28T17:36:45.098482,207.0,-41.3157,174.784133333333
2019-11-28T17:37:25.894960,206.0,-41.315666666667,174.784133333333
2019-11-28T17:37:41.985348,207.0,-41.315666666667,174.7841
2019-11-28T17:37:58.087235,207.0,-41.315666666667,174.7841
2019-11-28T17:38:44.876561,206.0,-41.3157,174.7841
2019-11-28T17:39:00.974475,207.0,-41.3157,174.784133333333
2019-11-28T17:39:17.068858,207.0,-41.3157,174.784133333333
2019-11-28T17:40:11.874220,206.0,-41.315683333333,174.784133333333
2019-11-28T17:40:27.982930,207.0,-41.315683333333,174.784116666667
2019-11-28T17:40:44.132106,207.0,-41.315683333333,174.784116666667
2019-11-28T17:42:17.870176,206.0,-41.31575,174.784116666667
2019-11-28T17:42:33.980348,207.0,-41.31575,174.78405
2019-11-28T17:42:50.089392,207.0,-41.31575,174.78405
2019-11-28T17:43:50.870141,207.0,-41.3157,174.78405
2019-11-28T17:44:06.971480,207.0,-41.3157,174.783933333333
2019-11-28T17:44:23.075693,207.0,-41.3157,174.783933333333
2019-11-28T17:45:04.864010,207.0,-41.315883333333,174.783933333333
2019-11-28T17:45:20.979908,207.0,-41.315883333333,174.784016666667
2019-11-28T17:45:37.104065,207.0,-41.315883333333,174.784016666667
2019-11-28T17:46:44.866231,207.0,-41.315816666667,174.784016666667
2019-11-28T17:47:00.965331,207.0,-41.315816666667,174.784083333333
2019-11-28T17:47:17.080011,207.0,-41.315816666667,174.784083333333
2019-11-28T17:47:54.868749,207.0,-41.315783333333,174.784083333333
2019-11-28T17:48:10.971420,207.0,-41.315783333333,174.784166666667
2019-11-28T17:48:27.071355,207.0,-41.315783333333,174.784166666667
2019-11-28T17:49:15.863171,207.0,-41.315716666667,174.784166666667
2019-11-28T17:49:31.958851,207.0,-41.315716666667,174.78405
2019-11-28T17:49:48.063903,207.0,-41.315716666667,174.78405
2019-11-28T17:50:41.851337,207.0,-41.315716666667,174.78405
2019-11-28T17:50:57.952999,207.0,-41.315716666667,174.783966666667
2019-11-28T17:51:14.059098,207.0,-41.315716666667,174.783966666667
2019-11-28T17:52:07.854661,207.0,-41.315616666667,174.783966666667
2019-11-28T17:52:23.949313,207.0,-41.315616666667,174.784133333333
2019-11-28T17:52:40.065392,207.0,-41.315616666667,174.784133333333
2019-11-28T17:53:37.860094,207.0,-41.315716666667,174.784133333333
2019-11-28T17:53:53.954919,207.0,-41.315716666667,174.784316666667
2019-11-28T17:54:10.061998,207.0,-41.315716666667,174.784316666667
2019-11-28T17:55:01.841015,207.0,-41.315466666667,174.784316666667
2019-11-28T17:55:17.949609,207.0,-41.315466666667,174.783483333333
2019-11-28T17:55:34.025716,207.0,-41.315466666667,174.783483333333
2019-11-28T17:56:14.846454,207.0,-41.3157,174.783483333333
2019-11-28T17:56:30.960439,207.0,-41.3157,174.78415
2019-11-28T17:56:47.068779,207.0,-41.3157,174.78415
2019-11-28T17:57:26.848113,207.0,-41.315683333333,174.78415
2019-11-28T17:57:42.967632,207.0,-41.315683333333,174.784066666667
2019-11-28T17:57:59.079139,207.0,-41.315683333333,174.784066666667
2019-11-28T17:58:56.848876,207.0,-41.315766666667,174.784066666667
2019-11-28T17:59:12.945700,207.0,-41.315766666667,174.78405
2019-11-28T17:59:29.049181,207.0,-41.315766666667,174.78405
2019-11-28T18:00:36.844376,207.0,-41.315666666667,174.78405
2019-11-28T18:00:52.943713,207.0,-41.315666666667,174.78395
2019-11-28T18:01:09.055367,207.0,-41.315666666667,174.78395
2019-11-28T18:02:45.838886,207.0,-41.315816666667,174.78395
2019-11-28T18:03:02.048037,207.0,-41.315816666667,174.783866666667
2019-11-28T18:03:18.047996,207.0,-41.315816666667,174.783866666667
2019-11-28T18:04:17.830123,207.0,-41.315633333333,174.783866666667
2019-11-28T18:04:33.936340,207.0,-41.315633333333,174.78415
2019-11-28T18:04:50.034411,207.0,-41.315633333333,174.78415
2019-11-28T18:05:55.830269,207.0,-41.315633333333,174.78415
2019-11-28T18:06:11.937121,207.0,-41.315633333333,174.78385
2019-11-28T18:06:28.049812,207.0,-41.315633333333,174.78385
2019-11-28T18:08:50.919462,207.0,-41.352733333333,174.0407666666667
2019-11-28T18:09:07.020584,207.0,-41.352733333333,174.0407666666667
2019-11-28T18:10:05.826600,207.0,-41.315616666667,174.0407666666667
2019-11-28T18:11:53.995028,207.0,-41.315683333333,174.783916666667
2019-11-28T18:12:10.062793,207.0,-41.315683333333,174.783916666667
2019-11-28T18:13:07.815482,208.0,-41.315666666667,174.783916666667
2019-11-28T18:13:23.935568,207.0,-41.315666666667,174.784033333333
2019-11-28T18:13:40.030101,207.0,-41.315666666667,174.784033333333
2019-11-28T18:14:34.820046,208.0,-41.315616666667,174.784033333333
2019-11-28T18:14:50.925042,206.0,-41.315616666667,174.783866666667
2019-11-28T18:15:07.034010,205.0,-41.315616666667,174.783866666667
2019-11-28T18:16:39.818099,206.0,-41.315683333333,174.783866666667
2019-11-28T18:16:55.938401,205.0,-41.315683333333,174.783716666667
2019-11-28T18:17:12.034896,206.0,-41.315683333333,174.783716666667
2019-11-28T18:17:56.815938,206.0,-41.315583333333,174.783716666667
2019-11-28T18:18:13.065542,205.0,-41.315583333333,174.784083333333
2019-11-28T18:18:29.024600,205.0,-41.315583333333,174.784083333333
2019-11-28T18:19:09.828737,206.0,-41.315683333333,174.784083333333
2019-11-28T18:19:25.916723,205.0,-41.315683333333,174.784133333333
2019-11-28T18:19:42.018203,205.0,-41.315683333333,174.784133333333
2019-11-28T18:20:50.809651,206.0,-41.315683333333,174.784133333333
2019-11-28T18:21:06.913659,207.0,-41.315683333333,174.783983333333
2019-11-28T18:21:23.029458,206.0,-41.315683333333,174.783983333333
2019-11-28T18:22:21.804008,206.0,-41.315583333333,174.783983333333
2019-11-28T18:22:37.918533,205.0,-41.315583333333,174.78415
2019-11-28T18:22:54.017952,205.0,-41.315583333333,174.78415
2019-11-28T18:23:50.800579,205.0,-41.315783333333,174.78415
2019-11-28T18:24:06.913749,205.0,-41.315783333333,174.784066666667
2019-11-28T18:24:22.996025,205.0,-41.315783333333,174.784066666667
2019-11-28T18:25:11.800789,206.0,-41.315766666667,174.784066666667
2019-11-28T18:25:27.900343,206.0,-41.315766666667,174.7839
2019-11-28T18:25:44.008253,205.0,-41.315766666667,174.7839
2019-11-28T18:26:26.805570,206.0,-41.31565,174.7839
2019-11-28T18:26:42.902182,206.0,-41.31565,174.783966666667
2019-11-28T18:26:59.006604,205.0,-41.31565,174.783966666667
2019-11-28T18:27:47.788889,206.0,-41.315616666667,174.783966666667
2019-11-28T18:28:03.894583,205.0,-41.315616666667,174.78395
2019-11-28T18:28:19.999029,204.0,-41.315616666667,174.78395
2019-11-28T18:29:10.799537,205.0,-41.315633333333,174.78395
2019-11-28T18:29:26.892557,205.0,-41.315633333333,174.783966666667
2019-11-28T18:29:42.991335,205.0,-41.315633333333,174.783966666667
2019-11-28T18:30:48.792237,205.0,-41.315666666667,174.783966666667
2019-11-28T18:31:04.896034,205.0,-41.315666666667,174.784016666667
2019-11-28T18:31:20.988162,205.0,-41.315666666667,174.784016666667
2019-11-28T18:32:07.789507,206.0,-41.315683333333,174.784016666667
2019-11-28T18:32:23.908152,205.0,-41.315683333333,174.784016666667
2019-11-28T18:32:39.995837,205.0,-41.315683333333,174.784016666667
2019-11-28T18:33:27.802929,206.0,-41.3157,174.784016666667
2019-11-28T18:33:43.886987,205.0,-41.3157,174.784133333333
2019-11-28T18:33:59.975458,205.0,-41.3157,174.784133333333
2019-11-28T18:34:50.794114,206.0,-41.315666666667,174.784133333333
2019-11-28T18:35:06.884658,205.0,-41.315666666667,174.784066666667
2019-11-28T18:35:22.985138,205.0,-41.315666666667,174.784066666667
2019-11-28T18:36:01.788510,205.0,-41.31565,174.784066666667
2019-11-28T18:36:17.892193,206.0,-41.31565,174.784116666667
2019-11-28T18:36:34.013695,206.0,-41.31565,174.784116666667
2019-11-28T18:37:14.784654,207.0,-41.3157,174.784116666667
2019-11-28T18:37:30.880933,206.0,-41.3157,174.784
2019-11-28T18:37:46.976993,206.0,-41.3157,174.784
2019-11-28T18:38:40.784293,207.0,-41.3157,174.784
2019-11-28T18:38:56.878442,206.0,-41.3157,174.784133333333
2019-11-28T18:39:12.981948,206.0,-41.3157,174.784133333333
2019-11-28T18:39:49.775581,207.0,-41.315633333333,174.784133333333
2019-11-28T18:40:05.874311,206.0,-41.315633333333,174.784166666667
2019-11-28T18:40:21.970480,206.0,-41.315633333333,174.784166666667
2019-11-28T18:40:59.797224,206.0,-41.31565,174.784166666667
2019-11-28T18:41:15.879396,206.0,-41.31565,174.784116666667
2019-11-28T18:41:31.998483,206.0,-41.31565,174.784116666667
2019-11-28T18:42:12.776083,207.0,-41.314883333333,174.784116666667
2019-11-28T18:42:28.877096,206.0,-41.314883333333,174.784366666667
2019-11-28T18:42:44.982007,206.0,-41.314883333333,174.784366666667
2019-11-28T18:43:40.768366,206.0,-41.315683333333,174.784366666667
2019-11-28T18:43:56.868080,206.0,-41.315683333333,174.7838
2019-11-28T18:44:12.987552,206.0,-41.315683333333,174.7838
2019-11-28T18:44:57.769880,206.0,-41.31565,174.7838
2019-11-28T18:45:13.883659,206.0,-41.31565,174.783966666667
2019-11-28T18:45:29.971528,206.0,-41.31565,174.783966666667
2019-11-28T18:46:24.763787,206.0,-41.315666666667,174.783966666667
2019-11-28T18:46:40.877377,205.0,-41.315666666667,174.784033333333
2019-11-28T18:46:56.965584,205.0,-41.315666666667,174.784033333333
2019-11-28T18:47:38.779051,205.0,-41.31565,174.784033333333
2019-11-28T18:47:54.879381,205.0,-41.31565,174.78415
2019-11-28T18:48:10.988602,206.0,-41.31565,174.78415
2019-11-28T18:49:06.760725,206.0,-41.315633333333,174.78415
2019-11-28T18:49:22.866668,206.0,-41.315633333333,174.784166666667
2019-11-28T18:49:38.964655,206.0,-41.315633333333,174.784166666667
2019-11-28T18:50:25.776824,206.0,-41.315683333333,174.784166666667
2019-11-28T18:50:41.855912,205.0,-41.315683333333,174.78415
2019-11-28T18:50:57.942101,206.0,-41.315683333333,174.78415
2019-11-28T18:54:43.874227,205.0,-41.315683333333,174.784166666667
2019-11-28T18:54:59.996546,206.0,-41.315683333333,174.784166666667
2019-11-28T18:55:54.751785,206.0,-41.315883333333,174.784166666667
2019-11-28T18:56:10.863778,205.0,-41.315883333333,174.784
2019-11-28T18:56:26.964463,205.0,-41.315883333333,174.784
2019-11-28T18:57:31.748598,206.0,-41.315616666667,174.784
2019-11-28T18:57:47.850581,206.0,-41.315616666667,174.784266666667
2019-11-28T18:58:03.973046,206.0,-41.315616666667,174.784266666667
2019-11-28T18:58:40.763294,205.0,-41.31565,174.784266666667
2019-11-28T18:58:56.848545,206.0,-41.31565,174.784066666667
2019-11-28T18:59:12.943840,206.0,-41.31565,174.784066666667
2019-11-28T19:00:04.768705,205.0,-41.315666666667,174.784066666667
2019-11-28T19:00:20.869316,205.0,-41.315666666667,174.784166666667
2019-11-28T19:00:36.963709,205.0,-41.315666666667,174.784166666667
2019-11-28T19:01:27.745021,206.0,-41.315916666667,174.784166666667
2019-11-28T19:01:43.858212,206.0,-41.315916666667,174.78395
2019-11-28T19:01:59.959508,206.0,-41.315916666667,174.78395
2019-11-28T19:02:46.751540,206.0,-41.3156,174.78395
2019-11-28T19:03:02.850925,206.0,-41.3156,174.7841
2019-11-28T19:03:18.959126,206.0,-41.3156,174.7841
2019-11-28T19:03:57.740072,206.0,-41.3157,174.7841
2019-11-28T19:04:13.847594,206.0,-41.3157,174.784083333333
2019-11-28T19:04:29.950135,206.0,-41.3157,174.784083333333
2019-11-28T19:05:54.754232,206.0,-41.31555,174.784083333333
2019-11-28T19:06:10.863589,205.0,-41.31555,174.784116666667
2019-11-28T19:06:26.967757,205.0,-41.31555,174.784116666667
2019-11-28T19:12:44.729940,206.0,-41.315833333333,174.78405
2019-11-28T19:13:00.835093,206.0,-41.315833333333,174.784033333333
2019-11-28T19:13:16.943128,206.0,-41.315833333333,174.784033333333
2019-11-28T19:14:17.723575,206.0,-41.315816666667,174.784033333333
2019-11-28T19:14:33.823138,205.0,-41.315816666667,174.784066666667
2019-11-28T19:14:49.933682,205.0,-41.315816666667,174.784066666667
2019-11-28T19:15:49.718625,205.0,-41.315633333333,174.784066666667
2019-11-28T19:16:05.839519,205.0,-41.315633333333,174.78415
2019-11-28T19:16:21.921799,205.0,-41.315633333333,174.78415
2019-11-28T19:17:30.713570,205.0,-41.315616666667,174.78415
2019-11-28T19:17:46.822999,206.0,-41.315616666667,174.784116666667
2019-11-28T19:18:02.931879,205.0,-41.315616666667,174.784116666667
2019-11-28T19:18:54.712726,207.0,-41.315683333333,174.784116666667
2019-11-28T19:19:10.827029,207.0,-41.315683333333,174.784066666667
2019-11-28T19:19:26.937237,205.0,-41.315683333333,174.784066666667
2019-11-28T19:20:24.709517,205.0,-41.3157,174.784066666667
2019-11-28T19:20:40.818578,207.0,-41.3157,174.784133333333
2019-11-28T19:20:56.929968,206.0,-41.3157,174.784133333333
2019-11-28T19:22:06.706279,206.0,-41.315916666667,174.784133333333
2019-11-28T19:22:22.812703,206.0,-41.315916666667,174.783966666667
2019-11-28T19:22:38.932467,207.0,-41.315916666667,174.783966666667
2019-11-28T19:23:36.705705,206.0,-41.31585,174.783966666667
2019-11-28T19:23:52.815785,206.0,-41.31585,174.784016666667
2019-11-28T19:24:08.930156,206.0,-41.31585,174.784016666667
2019-11-28T19:24:59.704161,205.0,-41.315866666667,174.784016666667
2019-11-28T19:25:15.820129,206.0,-41.315866666667,174.784
2019-11-28T19:25:31.921412,206.0,-41.315866666667,174.784
2019-11-28T19:26:09.712865,205.0,-41.315683333333,174.784
2019-11-28T19:26:25.820415,205.0,-41.315683333333,174.784133333333
2019-11-28T19:26:41.926425,206.0,-41.315683333333,174.784133333333
2019-11-28T19:27:38.700967,205.0,-41.3157,174.784133333333
2019-11-28T19:27:54.817816,206.0,-41.3157,174.784183333333
2019-11-28T19:28:10.937472,205.0,-41.3157,174.784183333333
2019-11-28T19:28:47.733736,205.0,-41.315716666667,174.784183333333
2019-11-28T19:29:03.834245,206.0,-41.315716666667,174.7842
2019-11-28T19:29:19.946248,206.0,-41.315716666667,174.7842
2019-11-28T19:30:02.703153,205.0,-41.3156,174.7842
2019-11-28T19:30:18.806444,205.0,-41.3156,174.784133333333
2019-11-28T19:30:34.914552,205.0,-41.3156,174.784133333333
2019-11-28T19:31:15.721644,205.0,-41.315533333333,174.784133333333
2019-11-28T19:31:31.804081,206.0,-41.315533333333,174.784116666667
2019-11-28T19:31:47.927483,206.0,-41.315533333333,174.784116666667
2019-11-28T19:32:40.697067,205.0,-41.31565,174.784116666667
2019-11-28T19:32:56.797222,206.0,-41.31565,174.78415
2019-11-28T19:33:12.905698,206.0,-41.31565,174.78415
2019-11-28T19:33:48.700684,205.0,-41.3156,174.78415
2019-11-28T19:34:04.807621,206.0,-41.3156,174.784116666667
2019-11-28T19:34:20.924252,206.0,-41.3156,174.784116666667
2019-11-28T19:35:09.696883,205.0,-41.3156,174.784116666667
2019-11-28T19:35:25.797960,206.0,-41.3156,174.784116666667
2019-11-28T19:35:41.910035,206.0,-41.3156,174.784116666667
2019-11-28T19:37:54.802270,206.0,-41.315633333333,174.784033333333
2019-11-28T19:38:10.907228,206.0,-41.315633333333,174.784033333333
2019-11-30T14:44:10.839826,208.0,-41.31571666666666665,174.784033333333
2019-11-30T14:44:50.626494,215.0,-41.31571666666666665,174.7841666666666667
2019-11-30T14:45:06.729665,203.0,-41.31571666666666665,174.7841833333333333
2019-11-30T14:45:22.834166,208.0,-41.31571666666666665,174.7841833333333333
2019-11-30T14:46:09.617522,211.0,-41.3156833333333333,174.7841833333333333
2019-11-30T14:46:25.734203,210.0,-41.3156833333333333,174.7841333333333333
2019-11-30T14:46:41.835191,211.0,-41.3156833333333333,174.7841333333333333
2019-11-30T14:47:30.616297,208.0,-41.31575,174.7841333333333333
2019-11-30T14:47:46.725682,207.0,-41.31575,174.7841666666666667
2019-11-30T14:48:02.835372,210.0,-41.31575,174.7841666666666667
2019-11-30T15:17:38.742836,207.0,-41.31571666666666665,174.78395
2019-11-30T15:18:23.569077,209.0,-41.31571666666666665,174.78395
2019-11-30T15:18:39.683622,198.0,-41.31571666666666665,174.7840166666666667
2019-11-30T15:18:55.797441,198.0,-41.31571666666666665,174.7840166666666667
2019-11-30T15:19:33.569313,197.0,-41.31571666666666665,174.7840166666666667
2019-11-30T15:19:49.676983,203.0,-41.31571666666666665,174.7840333333333334
2019-11-30T15:19:57.739382,208.0,-41.31571666666666665,174.7840333333333334
2019-11-30T15:20:13.846233,202.0,-41.31571666666666665,174.7840333333333334
2019-11-30T15:20:49.618321,204.0,-41.3157333333333333,174.78405
2019-11-30T15:21:05.754702,212.0,-41.3157333333333333,174.78405
2019-11-30T15:21:21.857946,209.0,-41.3157333333333333,174.78405
2019-11-30T15:21:57.623734,204.0,-41.3157333333333333,174.7841166666666667
2019-11-30T15:22:13.741892,211.0,-41.3157333333333333,174.7841166666666667
