TIME,RSSI,LAT,LONG
20191126103400,193.0,-41.31595,174.783983333333
20191126103416,193.0,-41.31595,174.783983333333
20191126103449,193.0,-41.315916666667,174.783983333333
20191126103505,193.0,-41.315916666667,174.784083333333
20191126103521,193.0,-41.315916666667,174.784083333333
20191126103559,193.0,-41.315816666667,174.784083333333
20191126103615,193.0,-41.315816666667,174.784216666667
20191126103631,193.0,-41.315816666667,174.784216666667
20191126103704,193.0,-41.31585,174.784216666667
20191126103720,193.0,-41.31585,174.784183333333
20191126103736,193.0,-41.31585,174.784183333333
20191126103809,193.0,-41.31585,174.784183333333
20191126103825,193.0,-41.31585,174.784183333333
20191126103841,193.0,-41.31585,174.784183333333
20191126103912,193.0,-41.315833333333,174.784183333333
20191126103928,193.0,-41.315833333333,174.78415
20191126103944,192.0,-41.315833333333,174.78415
20191126104015,194.0,-41.315816666667,174.78415
20191126104031,194.0,-41.315816666667,174.784083333333
20191126104047,194.0,-41.315816666667,174.784083333333
20191126104118,194.0,-41.31585,174.784083333333
20191126104134,193.0,-41.31585,174.784133333333
20191126104150,193.0,-41.31585,174.784133333333
20191126104221,193.0,-41.315866666667,174.784133333333
20191126104237,194.0,-41.315866666667,174.784116666667
20191126104253,194.0,-41.315866666667,174.784116666667
20191126104326,193.0,-41.3159,174.784116666667
20191126104342,194.0,-41.3159,174.784133333333
20191126104358,194.0,-41.3159,174.784133333333
20191126104442,193.0,-41.315866666667,174.784133333333
20191126104458,194.0,-41.315866666667,174.784116666667
20191126104514,194.0,-41.315866666667,174.784116666667
20191126104549,193.0,-41.315833333333,174.784116666667
20191126104605,194.0,-41.315833333333,174.7841
20191126104621,193.0,-41.315833333333,174.7841
20191126104658,193.0,-41.3157,174.7841
20191126104714,193.0,-41.3157,174.784116666667
20191126104730,193.0,-41.3157,174.784116666667
20191126104805,193.0,-41.315633333333,174.784116666667
20191126104821,193.0,-41.315633333333,174.784116666667
20191126104837,193.0,-41.315633333333,174.784116666667
20191126104909,194.0,-41.3159,174.784116666667
20191126104925,193.0,-41.3159,174.7841
20191126104941,194.0,-41.3159,174.7841
20191126105015,193.0,-41.315833333333,174.7841
20191126105031,193.0,-41.315833333333,174.784116666667
20191126105047,194.0,-41.315833333333,174.784116666667
20191126105121,193.0,-41.31575,174.784116666667
20191126105137,193.0,-41.31575,174.784183333333
20191126105153,193.0,-41.31575,174.784183333333
20191126105307,193.0,-41.316083333333,174.784183333333
20191126105323,193.0,-41.316083333333,174.784116666667
20191126105339,194.0,-41.316083333333,174.784116666667
20191126105413,193.0,-41.315966666667,174.784116666667
20191126105429,194.0,-41.315966666667,174.784116666667
20191126105445,193.0,-41.315966666667,174.784116666667
20191126105519,194.0,-41.315966666667,174.784116666667
20191126105535,194.0,-41.315966666667,174.78415
20191126105551,194.0,-41.315966666667,174.78415
20191126105623,194.0,-41.31595,174.78415
20191126105639,194.0,-41.31595,174.784166666667
20191126105655,193.0,-41.31595,174.784166666667
20191126105733,194.0,-41.315933333333,174.784166666667
20191126105749,193.0,-41.315933333333,174.784133333333
20191126105805,192.0,-41.315933333333,174.784133333333
20191126105837,193.0,-41.316016666667,174.784133333333
20191126105853,193.0,-41.316016666667,174.7841
20191126105909,193.0,-41.316016666667,174.7841
20191126110008,193.0,-41.315783333333,174.7841
20191126110024,193.0,-41.315783333333,174.784166666667
20191126110040,193.0,-41.315783333333,174.784166666667
20191126110113,193.0,-41.315683333333,174.784166666667
20191126110129,193.0,-41.315683333333,174.784133333333
20191126110145,193.0,-41.315683333333,174.784133333333
20191126110217,193.0,-41.315683333333,174.784133333333
20191126110233,193.0,-41.315683333333,174.784066666667
20191126110249,193.0,-41.315683333333,174.784066666667
20191126110322,193.0,-41.315733333333,174.784066666667
20191126110338,193.0,-41.315733333333,174.7841
20191126110354,193.0,-41.315733333333,174.7841
20191126110431,193.0,-41.315666666667,174.7841
20191126110447,193.0,-41.315666666667,174.784116666667
20191126110503,193.0,-41.315666666667,174.784116666667
20191126110541,193.0,-41.315866666667,174.784116666667
20191126110557,193.0,-41.315866666667,174.784116666667
20191126110613,193.0,-41.315866666667,174.784116666667
20191126110649,193.0,-41.31575,174.784116666667
20191126110705,193.0,-41.31575,174.78415
20191126110721,193.0,-41.31575,174.78415
20191126110808,193.0,-41.315783333333,174.78415
20191126110824,193.0,-41.315783333333,174.784133333333
20191126110840,193.0,-41.315783333333,174.784133333333
20191126110914,193.0,-41.3157,174.784133333333
20191126110930,193.0,-41.3157,174.784216666667
20191126110946,193.0,-41.3157,174.784216666667
20191126111017,193.0,-41.315783333333,174.784216666667
20191126111033,193.0,-41.315783333333,174.784166666667
20191126111049,193.0,-41.315783333333,174.784166666667
20191126111122,193.0,-41.31585,174.784166666667
20191126111138,193.0,-41.31585,174.784183333333
20191126111154,193.0,-41.31585,174.784183333333
20191126111225,193.0,-41.31565,174.784183333333
20191126111241,193.0,-41.31565,174.78425
20191126111257,193.0,-41.31565,174.78425
20191126111328,193.0,-41.31565,174.78425
20191126111344,193.0,-41.31565,174.784216666667
20191126111400,193.0,-41.31565,174.784216666667
20191126111431,193.0,-41.3157,174.784216666667
20191126111447,193.0,-41.3157,174.783866666667
20191126111503,202.0,-41.3157,174.783866666667
20191126111539,198.0,-41.315816666667,174.783866666667
20191126111555,205.0,-41.315816666667,174.784133333333
20191126111611,195.0,-41.315816666667,174.784133333333
20191126111642,192.0,-41.31575,174.784133333333
20191126111658,196.0,-41.31575,174.784166666667
20191126111714,196.0,-41.31575,174.784166666667
20191126111807,196.0,-41.315766666667,174.784166666667
20191126111823,196.0,-41.315766666667,174.7841
20191126111839,196.0,-41.315766666667,174.7841
20191126111937,195.0,-41.315433333333,174.7841
20191126111953,202.0,-41.315433333333,174.784116666667
20191126112009,203.0,-41.315433333333,174.784116666667
20191126112042,184.0,-41.315416666667,174.784116666667
20191126112058,174.0,-41.315416666667,174.784033333333
20191126112114,184.0,-41.315416666667,174.784033333333
20191126112145,171.0,-41.3154,174.784033333333
20191126112201,170.0,-41.3154,174.7837
20191126112217,166.0,-41.3154,174.7837
20191126112311,153.0,-41.315083333333,174.78305
20191126112327,154.0,-41.315083333333,174.78305
20191126112359,154.0,-41.31525,174.78305
20191126113136,152.0,-41.31425,174.780583333333
20191126113243,153.0,-41.314016666667,174.7818
20191126113316,154.0,-41.3143,174.782633333333
20191126113348,152.0,-41.3143,174.782633333333
20191126113419,153.0,-41.31505,174.782983333333
20191126113435,152.0,-41.31505,174.782983333333
20191126113451,156.0,-41.31505,174.782983333333
20191126113525,161.0,-41.315466666667,174.7839
20191126113541,177.0,-41.315466666667,174.7839
20191126113557,185.0,-41.315466666667,174.7839
20191126113633,184.0,-41.315733333333,174.784166666667
20191126113649,184.0,-41.315733333333,174.784166666667
20191126113705,194.0,-41.315733333333,174.784166666667
20191126113735,201.0,-41.315733333333,174.784133333333
20191126113751,201.0,-41.315733333333,174.784133333333
20191126113807,202.0,-41.315733333333,174.784133333333
20191126113838,202.0,-41.315766666667,174.784133333333
20191126113854,200.0,-41.315766666667,174.784133333333
20191126113910,200.0,-41.315766666667,174.784133333333
20191126113943,200.0,-41.31575,174.784133333333
20191126113959,201.0,-41.31575,174.784133333333
20191126114015,201.0,-41.31575,174.784133333333
20191126114050,202.0,-41.31575,174.784133333333
20191126114106,202.0,-41.31575,174.784133333333
20191126114122,201.0,-41.31575,174.784133333333
20191126114209,202.0,-41.3158,174.7842
20191126114225,202.0,-41.3158,174.7842
20191126114241,200.0,-41.3158,174.7842
20191126114316,202.0,-41.31575,174.7841
20191126114332,202.0,-41.31575,174.7841
20191126114348,202.0,-41.31575,174.7841
20191126114424,201.0,-41.315866666667,174.784183333333
20191126114440,202.0,-41.315866666667,174.784183333333
20191126114456,202.0,-41.315866666667,174.784183333333
20191126114530,201.0,-41.31585,174.784183333333
20191126114546,201.0,-41.31585,174.784183333333
20191126114602,201.0,-41.31585,174.784183333333
20191126114636,201.0,-41.315716666667,174.784166666667
20191126114652,201.0,-41.315716666667,174.784166666667
20191126114708,201.0,-41.315716666667,174.784166666667
20191126114741,202.0,-41.315733333333,174.784166666667
20191126114757,201.0,-41.315733333333,174.784166666667
20191126114813,201.0,-41.315733333333,174.784166666667
20191126114846,202.0,-41.315733333333,174.784166666667
20191126114902,202.0,-41.315733333333,174.784166666667
20191126114918,202.0,-41.315733333333,174.784166666667
20191126114951,201.0,-41.315666666667,174.784166666667
20191126115007,202.0,-41.315666666667,174.784166666667
20191126115023,202.0,-41.315666666667,174.784166666667
20191126115058,201.0,-41.315716666667,174.784133333333
20191126115114,201.0,-41.315716666667,174.784133333333
20191126115130,202.0,-41.315716666667,174.784133333333
20191126115211,202.0,-41.315733333333,174.784033333333
20191126115227,202.0,-41.315733333333,174.784033333333
20191126115243,202.0,-41.315733333333,174.784033333333
20191126115324,201.0,-41.3157,174.784183333333
20191126115340,201.0,-41.3157,174.784183333333
20191126115356,201.0,-41.3157,174.784183333333
20191126115430,201.0,-41.315733333333,174.784133333333
20191126115446,201.0,-41.315733333333,174.784133333333
20191126115502,201.0,-41.315733333333,174.784133333333
20191126115535,202.0,-41.315733333333,174.78415
20191126115551,202.0,-41.315733333333,174.78415
20191126115607,202.0,-41.315733333333,174.78415
20191126115640,201.0,-41.315716666667,174.784116666667
20191126115656,201.0,-41.315716666667,174.784116666667
20191126115712,201.0,-41.315716666667,174.784116666667
20191126115748,202.0,-41.31575,174.784083333333
20191126115804,202.0,-41.31575,174.784083333333
20191126115820,201.0,-41.31575,174.784083333333
20191126115857,202.0,-41.315716666667,174.784133333333
20191126115913,201.0,-41.315716666667,174.784133333333
20191126115929,201.0,-41.315716666667,174.784133333333
20191126120003,202.0,-41.31575,174.78415
20191126120019,202.0,-41.31575,174.78415
20191126120035,202.0,-41.31575,174.78415
20191126120109,202.0,-41.315733333333,174.784166666667
20191126120125,202.0,-41.315733333333,174.784166666667
20191126120141,202.0,-41.315733333333,174.784166666667
20191126120216,203.0,-41.315766666667,174.784183333333
20191126120232,203.0,-41.315766666667,174.784183333333
20191126120248,203.0,-41.315766666667,174.784183333333
20191126120327,200.0,-41.315766666667,174.784183333333
20191126120343,200.0,-41.315766666667,174.784183333333
20191126120359,202.0,-41.315766666667,174.784183333333
20191126120436,202.0,-41.3158,174.784166666667
20191126120452,202.0,-41.3158,174.784166666667
20191126120508,202.0,-41.3158,174.784166666667
20191126120544,200.0,-41.31575,174.78415
20191126120600,202.0,-41.31575,174.78415
20191126120616,201.0,-41.31575,174.78415
20191126120658,201.0,-41.31575,174.784133333333
20191126120715,202.0,-41.31575,174.784133333333
20191126120731,202.0,-41.31575,174.784133333333
20191126120818,201.0,-41.315733333333,174.783933333333
20191126120834,201.0,-41.315733333333,174.783933333333
20191126120850,200.0,-41.315733333333,174.783933333333
20191126120923,200.0,-41.31565,174.783966666667
20191126120940,201.0,-41.31565,174.783966666667
20191126120956,201.0,-41.31565,174.783966666667
20191126121030,201.0,-41.3157,174.784
20191126121047,200.0,-41.3157,174.784
20191126121103,200.0,-41.3157,174.784
20191126121137,201.0,-41.315733333333,174.784066666667
20191126121153,201.0,-41.315733333333,174.784066666667
20191126121209,201.0,-41.315733333333,174.784066666667
20191126121245,201.0,-41.315816666667,174.78415
20191126121301,200.0,-41.315816666667,174.78415
20191126121317,202.0,-41.315816666667,174.78415
20191126121353,191.0,-41.315683333333,174.784066666667
20191126121409,192.0,-41.315683333333,174.784066666667
20191126121425,197.0,-41.315683333333,174.784066666667
20191126121458,196.0,-41.31575,174.784133333333
20191126121514,197.0,-41.31575,174.784133333333
20191126121530,197.0,-41.31575,174.784133333333
20191126121601,197.0,-41.3157,174.784083333333
20191126121618,197.0,-41.3157,174.784083333333
20191126121634,196.0,-41.3157,174.784083333333
20191126121704,195.0,-41.315683333333,174.784066666667
20191126121721,195.0,-41.315683333333,174.784066666667
20191126121737,196.0,-41.315683333333,174.784066666667
20191126121807,196.0,-41.315716666667,174.784033333333
20191126121824,197.0,-41.315716666667,174.784033333333
20191126121840,196.0,-41.315716666667,174.784033333333
20191126121910,197.0,-41.3158,174.784166666667
20191126121927,197.0,-41.3158,174.784166666667
20191126121943,197.0,-41.3158,174.784166666667
20191126122013,196.0,-41.3157,174.784
20191126122030,194.0,-41.3157,174.784
20191126122046,195.0,-41.3157,174.784
20191126122118,195.0,-41.315733333333,174.784083333333
20191126122135,195.0,-41.315733333333,174.784083333333
20191126122151,196.0,-41.315733333333,174.784083333333
20191126122222,196.0,-41.315733333333,174.784383333333
20191126122239,196.0,-41.315733333333,174.784383333333
20191126122255,196.0,-41.315733333333,174.784383333333
20191126122326,196.0,-41.315666666667,174.7841
20191126122343,196.0,-41.315666666667,174.7841
20191126122359,196.0,-41.315666666667,174.7841
20191126122433,196.0,-41.31575,174.78405
20191126122450,196.0,-41.31575,174.78405
20191126122506,196.0,-41.31575,174.78405
20191126122539,196.0,-41.315683333333,174.784066666667
20191126122556,195.0,-41.315683333333,174.784066666667
20191126122612,195.0,-41.315683333333,174.784066666667
20191126122647,196.0,-41.315583333333,174.783883333333
20191126122704,196.0,-41.315583333333,174.783883333333
20191126122720,196.0,-41.315583333333,174.783883333333
20191126122811,196.0,-41.315866666667,174.783683333333
20191126122828,196.0,-41.315866666667,174.783683333333
20191126122844,196.0,-41.315866666667,174.783683333333
20191126122926,196.0,-41.315666666667,174.78405
20191126122943,196.0,-41.315666666667,174.78405
20191126122959,196.0,-41.315666666667,174.78405
20191126123037,196.0,-41.315633333333,174.783766666667
20191126123054,196.0,-41.315633333333,174.783766666667
20191126123110,197.0,-41.315633333333,174.783766666667
20191126123144,197.0,-41.315633333333,174.783833333333
20191126123201,196.0,-41.315633333333,174.783833333333
20191126123217,197.0,-41.315633333333,174.783833333333
20191126123249,196.0,-41.3156,174.784166666667
20191126123306,197.0,-41.3156,174.784166666667
20191126123322,197.0,-41.3156,174.784166666667
20191126123354,195.0,-41.31555,174.784066666667
20191126123411,195.0,-41.31555,174.784066666667
20191126123427,196.0,-41.31555,174.784066666667
20191126123500,197.0,-41.315566666667,174.783883333333
20191126123517,198.0,-41.315566666667,174.783883333333
20191126123533,196.0,-41.315566666667,174.783883333333
20191126123606,196.0,-41.3155,174.7839
20191126123623,195.0,-41.3155,174.7839
20191126123639,196.0,-41.3155,174.7839
20191126123710,196.0,-41.31565,174.784016666667
20191126123727,197.0,-41.31565,174.784016666667
20191126123743,197.0,-41.31565,174.784016666667
20191126123813,195.0,-41.315633333333,174.784083333333
20191126123830,195.0,-41.315633333333,174.784083333333
20191126123846,195.0,-41.315633333333,174.784083333333
20191126123916,196.0,-41.315633333333,174.784066666667
20191126123933,196.0,-41.315633333333,174.784066666667
20191126123949,196.0,-41.315633333333,174.784066666667
20191126124020,197.0,-41.3156,174.78445
20191126124037,196.0,-41.3156,174.78445
20191126124053,196.0,-41.3156,174.78445
20191126124125,197.0,-41.31565,174.784066666667
20191126124142,196.0,-41.31565,174.784066666667
20191126124158,197.0,-41.31565,174.784066666667
20191126124229,197.0,-41.31575,174.783933333333
20191126124246,197.0,-41.31575,174.783933333333
20191126124302,197.0,-41.31575,174.783933333333
20191126124335,195.0,-41.315783333333,174.7841
20191126124352,196.0,-41.315783333333,174.7841
20191126124408,195.0,-41.315783333333,174.7841
20191126124439,197.0,-41.315683333333,174.783916666667
20191126124456,197.0,-41.315683333333,174.783916666667
20191126124512,197.0,-41.315683333333,174.783916666667
20191126124543,197.0,-41.315583333333,174.783916666667
20191126124600,197.0,-41.315583333333,174.783916666667
20191126124616,196.0,-41.315583333333,174.783916666667
20191126124648,196.0,-41.315666666667,174.784033333333
20191126124705,196.0,-41.315666666667,174.784033333333
20191126124721,196.0,-41.315666666667,174.784033333333
20191126124751,197.0,-41.315416666667,174.78375
20191126124808,197.0,-41.315416666667,174.78375
20191126124824,198.0,-41.315416666667,174.78375
20191126124854,197.0,-41.3155,174.783883333333
20191126124911,196.0,-41.3155,174.783883333333
20191126124927,196.0,-41.3155,174.783883333333
20191126124957,196.0,-41.31565,174.784033333333
20191126125014,197.0,-41.31565,174.784033333333
20191126125030,197.0,-41.31565,174.784033333333
20191126125101,197.0,-41.3157,174.784066666667
20191126125118,197.0,-41.3157,174.784066666667
20191126125134,197.0,-41.3157,174.784066666667
20191126125204,196.0,-41.315666666667,174.784016666667
20191126125221,196.0,-41.315666666667,174.784016666667
20191126125237,196.0,-41.315666666667,174.784016666667
20191126125309,196.0,-41.315816666667,174.7841
20191126125326,196.0,-41.315816666667,174.7841
20191126125342,196.0,-41.315816666667,174.7841
20191126125417,196.0,-41.315766666667,174.7841
20191126125434,196.0,-41.315766666667,174.7841
20191126125450,196.0,-41.315766666667,174.7841
20191126125525,197.0,-41.314983333333,174.783433333333
20191126125542,197.0,-41.314983333333,174.783433333333
20191126125558,197.0,-41.314983333333,174.783433333333
20191126125635,195.0,-41.315616666667,174.7838
20191126125652,195.0,-41.315616666667,174.7838
20191126125708,196.0,-41.315616666667,174.7838
20191126125742,196.0,-41.315733333333,174.783883333333
20191126125759,196.0,-41.315733333333,174.783883333333
20191126125815,196.0,-41.315733333333,174.783883333333
20191126125851,195.0,-41.315783333333,174.784083333333
20191126125908,196.0,-41.315783333333,174.784083333333
20191126125924,196.0,-41.315783333333,174.784083333333
20191126125958,196.0,-41.315866666667,174.784
20191126130015,196.0,-41.315866666667,174.784
20191126130031,196.0,-41.315866666667,174.784
20191126130110,197.0,-41.316,174.784116666667
20191126130127,197.0,-41.316,174.784116666667
20191126130143,197.0,-41.316,174.784116666667
20191126130221,196.0,-41.3158,174.784066666667
20191126130238,196.0,-41.3158,174.784066666667
20191126130254,196.0,-41.3158,174.784066666667
20191126130329,196.0,-41.315866666667,174.783883333333
20191126130346,196.0,-41.315866666667,174.783883333333
20191126130402,196.0,-41.315866666667,174.783883333333
20191126130438,196.0,-41.315333333333,174.7838
20191126130455,196.0,-41.315333333333,174.7838
20191126130511,197.0,-41.315333333333,174.7838
20191126130547,197.0,-41.3158,174.784083333333
20191126130604,197.0,-41.3158,174.784083333333
20191126130620,196.0,-41.3158,174.784083333333
20191126130654,195.0,-41.3157,174.783983333333
20191126130711,196.0,-41.3157,174.783983333333
20191126130727,196.0,-41.3157,174.783983333333
20191126130800,195.0,-41.315716666667,174.784083333333
20191126130817,195.0,-41.315716666667,174.784083333333
20191126130833,195.0,-41.315716666667,174.784083333333
20191126130909,196.0,-41.315683333333,174.784133333333
20191126130926,196.0,-41.315683333333,174.784133333333
20191126130942,196.0,-41.315683333333,174.784133333333
20191126131020,196.0,-41.31555,174.78375
20191126131036,195.0,-41.31555,174.78375
20191126131053,196.0,-41.31555,174.78375
20191126131131,196.0,-41.315516666667,174.783666666667
20191126131147,196.0,-41.315516666667,174.783666666667
20191126131204,196.0,-41.315516666667,174.783666666667
20191126131243,196.0,-41.315766666667,174.78395
20191126131300,196.0,-41.315766666667,174.78395
20191126131316,196.0,-41.315766666667,174.78395
20191126131351,195.0,-41.315716666667,174.783966666667
20191126131408,195.0,-41.315716666667,174.783966666667
20191126131424,196.0,-41.315716666667,174.783966666667
20191126131501,196.0,-41.31585,174.783983333333
20191126131517,196.0,-41.31585,174.783983333333
20191126131534,196.0,-41.31585,174.783983333333
20191126131613,196.0,-41.315833333333,174.783833333333
20191126131629,197.0,-41.315833333333,174.783833333333
20191126131646,197.0,-41.315833333333,174.783833333333
20191126131720,196.0,-41.31565,174.783983333333
20191126131736,197.0,-41.31565,174.783983333333
20191126131753,196.0,-41.31565,174.783983333333
20191126131828,196.0,-41.31585,174.784066666667
20191126131844,197.0,-41.31585,174.784066666667
20191126131901,197.0,-41.31585,174.784066666667
20191126131947,196.0,-41.3157,174.784066666667
20191126132003,196.0,-41.3157,174.784066666667
20191126132020,197.0,-41.3157,174.784066666667
20191126132053,195.0,-41.315783333333,174.784183333333
20191126132109,196.0,-41.315783333333,174.784183333333
20191126132126,196.0,-41.315783333333,174.784183333333
20191126132201,197.0,-41.3158,174.7841
20191126132217,196.0,-41.3158,174.7841
20191126132234,197.0,-41.3158,174.7841
20191126132312,197.0,-41.315966666667,174.784066666667
20191126132329,197.0,-41.315966666667,174.784066666667
20191126132345,197.0,-41.315966666667,174.784066666667
20191126132424,197.0,-41.3158,174.784216666667
20191126132440,196.0,-41.3158,174.784216666667
20191126132457,197.0,-41.3158,174.784216666667
20191126132533,197.0,-41.315783333333,174.784216666667
20191126132549,197.0,-41.315783333333,174.784216666667
20191126132606,197.0,-41.315783333333,174.784216666667
20191126132646,196.0,-41.31575,174.78415
20191126132702,197.0,-41.31575,174.78415
20191126132719,197.0,-41.31575,174.78415
20191126132754,197.0,-41.3158,174.784133333333
20191126132810,197.0,-41.3158,174.784133333333
20191126132827,197.0,-41.3158,174.784133333333
20191126132902,196.0,-41.315733333333,174.784183333333
20191126132919,196.0,-41.315733333333,174.784183333333
20191126132935,196.0,-41.315733333333,174.784183333333
20191126133006,197.0,-41.315766666667,174.784283333333
20191126133022,197.0,-41.315766666667,174.784283333333
20191126133039,197.0,-41.315766666667,174.784283333333
20191126133112,196.0,-41.3158,174.784166666667
20191126133128,196.0,-41.3158,174.784166666667
20191126133145,196.0,-41.3158,174.784166666667
20191126133218,196.0,-41.315766666667,174.784166666667
20191126133234,197.0,-41.315766666667,174.784166666667
20191126133251,197.0,-41.315766666667,174.784166666667
20191126133322,196.0,-41.315766666667,174.78415
20191126133338,196.0,-41.315766666667,174.78415
20191126133355,196.0,-41.315766666667,174.78415
20191126133431,195.0,-41.315716666667,174.7842
20191126133447,195.0,-41.315716666667,174.7842
20191126133504,195.0,-41.315716666667,174.7842
20191126133551,195.0,-41.315783333333,174.7842
20191126133607,196.0,-41.315783333333,174.7842
20191126133624,196.0,-41.315783333333,174.7842
20191126133712,196.0,-41.315716666667,174.784233333333
20191126133728,196.0,-41.315716666667,174.784233333333
20191126133745,197.0,-41.315716666667,174.784233333333
20191126133821,196.0,-41.315783333333,174.78415
20191126133837,196.0,-41.315783333333,174.78415
20191126133854,197.0,-41.315783333333,174.78415
20191126133938,196.0,-41.31585,174.784133333333
20191126133954,196.0,-41.31585,174.784133333333
20191126134011,196.0,-41.31585,174.784133333333
20191126134052,196.0,-41.315883333333,174.784166666667
20191126134108,196.0,-41.315883333333,174.784166666667
20191126134125,196.0,-41.315883333333,174.784166666667
20191126134203,197.0,-41.3158,174.7842
20191126134219,195.0,-41.3158,174.7842
20191126134236,195.0,-41.3158,174.7842
20191126134313,195.0,-41.315733333333,174.784216666667
20191126134329,196.0,-41.315733333333,174.784216666667
20191126134346,196.0,-41.315733333333,174.784216666667
20191126134428,196.0,-41.31575,174.78435
20191126134444,196.0,-41.31575,174.78435
20191126134501,196.0,-41.31575,174.78435
20191126134535,197.0,-41.31575,174.7843
20191126134551,197.0,-41.31575,174.7843
20191126134608,196.0,-41.31575,174.7843
20191126134644,196.0,-41.315766666667,174.7842
20191126134700,197.0,-41.315766666667,174.7842
20191126134717,196.0,-41.315766666667,174.7842
20191126134753,197.0,-41.315733333333,174.784316666667
20191126134809,196.0,-41.315733333333,174.784316666667
20191126134826,196.0,-41.315733333333,174.784316666667
20191126134902,196.0,-41.315716666667,174.784283333333
20191126134918,196.0,-41.315716666667,174.784283333333
20191126134935,199.0,-41.315716666667,174.784283333333
