TIME,RSSI,LAT,LONG
2019-11-30T19:49:19.263411,209.0,-41.3157333333333333,174.7841833333333333
2019-11-30T19:50:04.034527,209.0,-41.31561666666666666,174.7841833333333333
2019-11-30T19:50:20.154995,209.0,-41.31561666666666666,174.7842333333333333
2019-11-30T19:50:36.271574,211.0,-41.31561666666666666,174.7842333333333333
2019-11-30T19:51:17.037988,209.0,-41.3158166666666667,174.7842333333333333
2019-11-30T20:00:45.135527,207.0,-41.31571666666666665,174.7841833333333333
2019-11-30T20:01:01.244342,217.0,-41.31571666666666665,174.7841833333333333
2019-11-30T20:01:37.009215,216.0,-41.31576666666666664,174.7841833333333333
2019-11-30T20:01:53.127683,210.0,-41.31576666666666664,174.7842166666666667
2019-11-30T20:02:09.262206,217.0,-41.31576666666666664,174.7842166666666667
2019-11-30T20:02:44.062826,212.0,-41.31565,174.7842166666666667
2019-11-30T20:03:00.129235,211.0,-41.31565,174.7841333333333333
2019-11-30T20:03:16.235514,219.0,-41.31565,174.7841333333333333
2019-11-30T20:03:52.018863,207.0,-41.31578333333333336,174.7841333333333333
2019-11-30T20:04:08.122655,219.0,-41.31578333333333336,174.7841833333333333
2019-11-30T20:04:24.234315,212.0,-41.31578333333333336,174.7841833333333333
2019-11-30T20:05:01.005940,218.0,-41.31578333333333336,174.7841833333333333
2019-11-30T20:05:17.117250,217.0,-41.31578333333333336,174.7842
2019-11-30T20:05:33.227754,212.0,-41.31578333333333336,174.7842
2019-12-01T17:58:26.222667,206.0,-41.31571666666666665,174.7841833333333333
2019-12-01T17:58:42.351006,198.0,-41.31571666666666665,174.7841833333333333
2019-12-01T18:00:14.120646,209.0,-41.31566666666666665,174.78405
2019-12-01T18:00:30.236364,205.0,-41.31566666666666665,174.78405
2019-12-01T18:00:46.346233,205.0,-41.31566666666666665,174.78405
2019-12-01T18:02:25.122055,208.0,-41.3156833333333333,174.78405
2019-12-01T18:02:41.232507,205.0,-41.3156833333333333,174.78405
2019-12-01T18:02:57.333774,206.0,-41.3156833333333333,174.78405
2019-12-01T18:03:48.112018,200.0,-41.3157333333333333,174.7841666666666667
2019-12-01T18:04:04.222139,207.0,-41.3157333333333333,174.7841666666666667
2019-12-01T18:04:20.321437,207.0,-41.3157333333333333,174.7841666666666667
2019-12-01T18:05:39.089121,207.0,-41.31571666666666665,174.7841166666666667
2019-12-01T18:05:55.197174,210.0,-41.31571666666666665,174.7841166666666667
2019-12-01T18:06:11.292812,201.0,-41.31571666666666665,174.7841166666666667
2019-12-01T18:07:02.138105,210.0,-41.3157333333333333,174.78415
2019-12-01T18:07:18.241650,200.0,-41.3157333333333333,174.78415
2019-12-01T18:07:53.074099,198.0,-41.31575,174.78415
2019-12-01T18:08:09.145135,197.0,-41.31575,174.7841833333333333
2019-12-01T18:08:25.226331,204.0,-41.31575,174.7841833333333333
2019-12-01T18:08:57.183358,201.0,-41.31571666666666665,174.7841833333333333
2019-12-01T18:09:13.139533,203.0,-41.31571666666666665,174.7841666666666667
2019-12-01T18:09:29.243222,206.0,-41.31571666666666665,174.7841666666666667
2019-12-01T18:10:02.035112,196.0,-41.31571666666666665,174.7841666666666667
2019-12-01T18:10:18.148352,208.0,-41.31571666666666665,174.78415
2019-12-01T18:10:34.255881,209.0,-41.31571666666666665,174.78415
2019-12-01T18:11:07.046639,209.0,-41.3157,174.78415
2019-12-04T07:39:26.132366,213.0,-41.3149666666666667,174.7840833333333334
2019-12-04T07:39:42.258430,212.0,-41.3149666666666667,174.7840833333333334
2019-12-04T07:40:19.038854,209.0,-41.3156333333333333,174.7840666666666667
2019-12-04T07:40:35.168320,207.0,-41.3156333333333333,174.7840666666666667
2019-12-04T07:40:51.259613,212.0,-41.3156333333333333,174.7840666666666667
2019-12-04T07:41:27.027204,213.0,-41.31566666666666665,174.78395
2019-12-04T07:41:43.135713,210.0,-41.31566666666666665,174.78395
2019-12-04T07:41:59.225331,208.0,-41.31566666666666665,174.78395
2019-12-04T07:42:36.034831,209.0,-41.3156333333333333,174.784
2019-12-04T07:42:52.107151,214.0,-41.3156333333333333,174.784
2019-12-04T07:43:08.220819,211.0,-41.3156333333333333,174.784
2019-12-04T07:43:43.024770,210.0,-41.31575,174.7840833333333334
2019-12-04T07:43:59.122831,211.0,-41.31575,174.7840833333333334
2019-12-04T07:44:15.244919,212.0,-41.31575,174.7840833333333334
2019-12-04T07:44:49.024436,213.0,-41.31566666666666665,174.7841
2019-12-04T07:45:05.117806,210.0,-41.31566666666666665,174.7841
2019-12-04T07:45:21.207174,210.0,-41.31566666666666665,174.7841
2019-12-04T07:46:02.188627,212.0,-41.3159166666666667,174.78415
2019-12-04T07:46:18.109069,210.0,-41.3159166666666667,174.78415
2019-12-04T07:46:34.209587,212.0,-41.3159166666666667,174.78415
2019-12-04T07:47:10.017594,212.0,-41.31588333333333335,174.78415
2019-12-04T07:47:26.118774,210.0,-41.31588333333333335,174.78415
2019-12-04T07:47:42.233791,211.0,-41.31588333333333335,174.78415
2019-12-04T07:49:40.242668,214.0,-41.3158166666666667,174.7841333333333333
2019-12-04T07:49:56.163130,212.0,-41.3158166666666667,174.7841333333333333
2019-12-04T07:50:32.970995,212.0,-41.3158666666666667,174.7841333333333333
2019-12-04T07:50:49.065434,211.0,-41.3158666666666667,174.7841166666666667
2019-12-04T07:51:05.154302,213.0,-41.3158666666666667,174.7841166666666667
2019-12-04T07:51:38.963135,213.0,-41.3158166666666667,174.7841166666666667
2019-12-04T07:51:55.062703,214.0,-41.3158166666666667,174.7842166666666667
2019-12-04T07:52:11.179297,214.0,-41.3158166666666667,174.7842166666666667
2019-12-04T07:52:45.966980,215.0,-41.3157333333333333,174.7842166666666667
2019-12-04T07:53:02.064844,211.0,-41.3157333333333333,174.7841166666666667
2019-12-04T07:53:18.136179,212.0,-41.3157333333333333,174.7841166666666667
2019-12-04T07:53:50.957024,212.0,-41.31576666666666664,174.7841166666666667
2019-12-04T07:54:07.064984,212.0,-41.31576666666666664,174.7841
2019-12-04T07:54:23.171840,215.0,-41.31576666666666664,174.7841
2019-12-04T07:54:59.969651,212.0,-41.31575,174.7841
2019-12-04T07:55:16.065374,211.0,-41.31575,174.7841
2019-12-04T07:55:32.157258,211.0,-41.31575,174.7841
2019-12-04T07:56:07.957116,211.0,-41.3156833333333333,174.7841
2019-12-04T07:56:24.063389,213.0,-41.3156833333333333,174.78405
2019-12-04T07:56:40.181825,212.0,-41.3156833333333333,174.78405
2019-12-04T07:57:15.951129,211.0,-41.31571666666666665,174.78405
2019-12-04T07:57:32.035169,211.0,-41.31571666666666665,174.7840166666666667
2019-12-04T07:57:48.131711,212.0,-41.31571666666666665,174.7840166666666667
2019-12-04T07:58:28.950283,211.0,-41.3158,174.7840166666666667
2019-12-04T07:58:45.040830,211.0,-41.3158,174.7841166666666667
2019-12-04T07:59:01.139801,211.0,-41.3158,174.7841166666666667
2019-12-04T08:00:14.944572,213.0,-41.31588333333333335,174.7841166666666667
2019-12-04T08:00:31.033767,211.0,-41.31588333333333335,174.7841166666666667
2019-12-04T08:00:47.144665,211.0,-41.31588333333333335,174.7841166666666667
2019-12-04T08:01:30.944261,211.0,-41.31575,174.7841166666666667
2019-12-04T08:01:47.041044,213.0,-41.31575,174.7840166666666667
2019-12-04T08:02:03.131143,213.0,-41.31575,174.7840166666666667
2019-12-04T08:02:40.051957,213.0,-41.3157333333333333,174.7840166666666667
2019-12-04T08:02:56.050189,214.0,-41.3157333333333333,174.78405
2019-12-04T08:03:12.212583,212.0,-41.3157333333333333,174.78405
2019-12-04T08:03:47.942227,211.0,-41.3157333333333333,174.78405
2019-12-04T08:06:08.984158,213.0,-41.31575,174.7841
2019-12-04T08:06:25.085880,210.0,-41.31575,174.7841
2019-12-04T08:06:41.179666,210.0,-41.31575,174.7841
