TIME,RSSI,LAT,LONG
20191126135031,197.0,-41.315816666667,174.78415
20191126135047,198.0,-41.315816666667,174.78415
20191126135104,197.0,-41.315816666667,174.78415
20191126135149,198.0,-41.315816666667,174.783966666667
20191126135205,198.0,-41.315816666667,174.783966666667
20191126135222,198.0,-41.315816666667,174.783966666667
20191126135313,197.0,-41.3158,174.784116666667
20191126135329,196.0,-41.3158,174.784116666667
20191126135346,197.0,-41.3158,174.784116666667
20191126135423,196.0,-41.315966666667,174.784116666667
20191126135439,197.0,-41.315966666667,174.784116666667
20191126135456,197.0,-41.315966666667,174.784116666667
20191126135539,197.0,-41.315816666667,174.78415
20191126135555,197.0,-41.315816666667,174.78415
20191126135612,197.0,-41.315816666667,174.78415
20191126135651,197.0,-41.31595,174.78405
20191126135707,197.0,-41.31595,174.78405
20191126135724,196.0,-41.31595,174.78405
20191126135801,196.0,-41.315883333333,174.784133333333
20191126135817,196.0,-41.315883333333,174.784133333333
20191126135834,196.0,-41.315883333333,174.784133333333
20191126135910,198.0,-41.315683333333,174.78405
20191126135926,197.0,-41.315683333333,174.78405
20191126135943,197.0,-41.315683333333,174.78405
20191126140020,197.0,-41.315816666667,174.784266666667
20191126140036,197.0,-41.315816666667,174.784266666667
20191126140053,197.0,-41.315816666667,174.784266666667
20191126140130,197.0,-41.315783333333,174.784233333333
20191126140146,197.0,-41.315783333333,174.784233333333
20191126140203,198.0,-41.315783333333,174.784233333333
20191126140256,197.0,-41.3159,174.784033333333
20191126140312,197.0,-41.3159,174.784033333333
20191126140329,197.0,-41.3159,174.784033333333
20191126140410,196.0,-41.315833333333,174.7843
20191126140426,196.0,-41.315833333333,174.7843
20191126140443,196.0,-41.315833333333,174.7843
20191126140520,196.0,-41.315733333333,174.78425
20191126140536,197.0,-41.315733333333,174.78425
20191126140553,197.0,-41.315733333333,174.78425
20191126140650,198.0,-41.3158,174.784133333333
20191126140706,198.0,-41.3158,174.784133333333
20191126140723,199.0,-41.3158,174.784133333333
20191126140805,198.0,-41.315766666667,174.784133333333
20191126140821,197.0,-41.315766666667,174.784133333333
20191126140838,196.0,-41.315766666667,174.784133333333
20191126140922,196.0,-41.3157,174.784
20191126140938,196.0,-41.3157,174.784
20191126140955,197.0,-41.3157,174.784
20191126141040,197.0,-41.315783333333,174.78425
20191126141056,196.0,-41.315783333333,174.78425
20191126141113,197.0,-41.315783333333,174.78425
20191126141151,195.0,-41.315883333333,174.78415
20191126141207,195.0,-41.315883333333,174.78415
20191126141224,195.0,-41.315883333333,174.78415
20191126141305,196.0,-41.3158,174.78415
20191126141321,196.0,-41.3158,174.78415
20191126141338,195.0,-41.3158,174.78415
20191126141414,196.0,-41.31585,174.784283333333
20191126141430,196.0,-41.31585,174.784283333333
20191126141447,196.0,-41.31585,174.784283333333
20191126141528,195.0,-41.31585,174.784316666667
20191126141544,196.0,-41.31585,174.784316666667
20191126141600,197.0,-41.31585,174.784316666667
20191126141642,196.0,-41.315783333333,174.784333333333
20191126141658,196.0,-41.315783333333,174.784333333333
20191126141715,195.0,-41.315783333333,174.784333333333
20191126141757,195.0,-41.315766666667,174.784216666667
20191126141813,196.0,-41.315766666667,174.784216666667
20191126141830,196.0,-41.315766666667,174.784216666667
20191126141915,198.0,-41.315916666667,174.78415
20191126141931,195.0,-41.315916666667,174.78415
20191126141948,196.0,-41.315916666667,174.78415
20191126142043,196.0,-41.315833333333,174.784166666667
20191126142059,196.0,-41.315833333333,174.784166666667
20191126142116,195.0,-41.315833333333,174.784166666667
20191126142150,194.0,-41.31575,174.784116666667
20191126142206,193.0,-41.31575,174.784116666667
20191126142223,194.0,-41.31575,174.784116666667
20191126142309,195.0,-41.315633333333,174.784116666667
20191126142325,195.0,-41.315633333333,174.784116666667
20191126142342,195.0,-41.315633333333,174.784116666667
20191126142417,195.0,-41.315666666667,174.784066666667
20191126142433,196.0,-41.315666666667,174.784066666667
20191126142449,196.0,-41.315666666667,174.784066666667
20191126142527,194.0,-41.31605,174.784066666667
20191126142543,196.0,-41.31605,174.784066666667
20191126142600,196.0,-41.31605,174.784066666667
20191126142638,195.0,-41.315983333333,174.7842
20191126142654,195.0,-41.315983333333,174.7842
20191126142710,197.0,-41.315983333333,174.7842
20191126142811,195.0,-41.3158,174.7843
20191126142827,195.0,-41.3158,174.7843
20191126142844,195.0,-41.3158,174.7843
20191126142923,196.0,-41.316033333333,174.7844
20191126142939,196.0,-41.316033333333,174.7844
20191126142956,196.0,-41.316033333333,174.7844
20191126143031,196.0,-41.316016666667,174.784366666667
20191126143047,196.0,-41.316016666667,174.784366666667
20191126143104,196.0,-41.316016666667,174.784366666667
20191126143154,196.0,-41.316033333333,174.7845
20191126143210,197.0,-41.316033333333,174.7845
20191126143226,196.0,-41.316033333333,174.7845
20191126143304,195.0,-41.315666666667,174.784133333333
20191126143320,195.0,-41.315666666667,174.784133333333
20191126143336,195.0,-41.315666666667,174.784133333333
20191126143423,196.0,-41.31555,174.784016666667
20191126143439,194.0,-41.31555,174.784016666667
20191126143455,194.0,-41.31555,174.784016666667
20191126143542,195.0,-41.315383333333,174.783883333333
20191126143558,195.0,-41.315383333333,174.783883333333
20191126143614,195.0,-41.315383333333,174.783883333333
20191126143655,195.0,-41.3156,174.78405
20191126143711,195.0,-41.3156,174.78405
20191126143727,195.0,-41.3156,174.78405
20191126143813,195.0,-41.31565,174.7841
20191126143829,195.0,-41.31565,174.7841
20191126143846,195.0,-41.31565,174.7841
20191126143930,196.0,-41.31545,174.783983333333
20191126143946,196.0,-41.31545,174.783983333333
20191126144002,196.0,-41.31545,174.783983333333
20191126144108,195.0,-41.315883333333,174.78425
20191126144124,195.0,-41.315883333333,174.78425
20191126144140,194.0,-41.315883333333,174.78425
20191126144223,196.0,-41.316016666667,174.78435
20191126144239,196.0,-41.316016666667,174.78435
20191126144256,195.0,-41.316016666667,174.78435
20191126144332,195.0,-41.315866666667,174.784283333333
20191126144348,196.0,-41.315866666667,174.784283333333
20191126144405,196.0,-41.315866666667,174.784283333333
20191126144442,196.0,-41.315983333333,174.784233333333
20191126144458,196.0,-41.315983333333,174.784233333333
20191126144514,196.0,-41.315983333333,174.784233333333
20191126144551,196.0,-41.3159,174.78425
20191126144607,196.0,-41.3159,174.78425
20191126144623,196.0,-41.3159,174.78425
20191126144700,198.0,-41.31605,174.78425
20191126144716,197.0,-41.31605,174.78425
20191126144732,197.0,-41.31605,174.78425
20191126144821,195.0,-41.315783333333,174.78415
20191126144837,196.0,-41.315783333333,174.78415
20191126144853,195.0,-41.315783333333,174.78415
20191126144927,195.0,-41.315733333333,174.78415
20191126144943,195.0,-41.315733333333,174.78415
20191126145000,196.0,-41.315733333333,174.78415
20191126145034,195.0,-41.315783333333,174.784166666667
20191126145050,196.0,-41.315783333333,174.784166666667
20191126145106,195.0,-41.315783333333,174.784166666667
20191126145143,196.0,-41.315733333333,174.784116666667
20191126145159,195.0,-41.315733333333,174.784116666667
20191126145215,196.0,-41.315733333333,174.784116666667
20191126145251,195.0,-41.315766666667,174.78415
20191126145307,195.0,-41.315766666667,174.78415
20191126145323,195.0,-41.315766666667,174.78415
20191126145359,196.0,-41.315766666667,174.784183333333
20191126145415,196.0,-41.315766666667,174.784183333333
20191126145432,196.0,-41.315766666667,174.784183333333
20191126145505,195.0,-41.315766666667,174.784183333333
20191126145521,196.0,-41.315766666667,174.784183333333
20191126145537,195.0,-41.315766666667,174.784183333333
20191126145611,195.0,-41.3158,174.784166666667
20191126145627,196.0,-41.3158,174.784166666667
20191126145643,196.0,-41.3158,174.784166666667
20191126145717,195.0,-41.315716666667,174.78415
20191126145733,196.0,-41.315716666667,174.78415
20191126145749,196.0,-41.315716666667,174.78415
20191126145933,195.0,-41.315716666667,174.784166666667
20191126145949,196.0,-41.315716666667,174.784166666667
20191126150005,196.0,-41.315716666667,174.784166666667
20191126150041,196.0,-41.315716666667,174.78415
20191126150057,196.0,-41.315716666667,174.78415
20191126150113,196.0,-41.315716666667,174.78415
20191126150202,196.0,-41.315616666667,174.784066666667
20191126150218,196.0,-41.315616666667,174.784066666667
20191126150234,196.0,-41.315616666667,174.784066666667
20191126150339,196.0,-41.31575,174.784133333333
20191126150355,196.0,-41.31575,174.784133333333
20191126150411,196.0,-41.31575,174.784133333333
20191126150446,196.0,-41.315733333333,174.784133333333
20191126150502,196.0,-41.315733333333,174.784133333333
20191126150518,196.0,-41.315733333333,174.784133333333
20191126150552,196.0,-41.315733333333,174.78415
20191126150608,196.0,-41.315733333333,174.78415
20191126150624,196.0,-41.315733333333,174.78415
20191126150658,196.0,-41.315766666667,174.784133333333
20191126150714,195.0,-41.315766666667,174.784133333333
20191126150731,195.0,-41.315766666667,174.784133333333
20191126150803,196.0,-41.315766666667,174.78415
20191126150819,196.0,-41.315766666667,174.78415
20191126150835,196.0,-41.315766666667,174.78415
20191126151000,195.0,-41.31575,174.784116666667
20191126151016,195.0,-41.31575,174.784116666667
20191126151032,196.0,-41.31575,174.784116666667
20191126151133,197.0,-41.315833333333,174.784133333333
20191126151149,196.0,-41.315833333333,174.784133333333
20191126151205,196.0,-41.315833333333,174.784133333333
20191126151245,197.0,-41.315833333333,174.784133333333
20191126151301,196.0,-41.315833333333,174.784133333333
20191126151317,195.0,-41.315833333333,174.784133333333
20191126151352,196.0,-41.315883333333,174.784033333333
20191126151408,196.0,-41.315883333333,174.784033333333
20191126151424,195.0,-41.315883333333,174.784033333333
20191126151459,195.0,-41.315766666667,174.784133333333
20191126151515,196.0,-41.315766666667,174.784133333333
20191126151531,195.0,-41.315766666667,174.784133333333
20191126151619,195.0,-41.315683333333,174.7842
20191126151635,196.0,-41.315683333333,174.7842
20191126151651,196.0,-41.315683333333,174.7842
20191126154559,198.0,-41.315666666667,174.784166666667
20191126154615,198.0,-41.315666666667,174.784166666667
20191126154700,198.0,-41.315433333333,174.784166666667
20191126154716,198.0,-41.315433333333,174.784383333333
20191126154732,198.0,-41.315433333333,174.784383333333
20191126154826,197.0,-41.315766666667,174.784383333333
20191126154842,198.0,-41.315766666667,174.784166666667
20191126154858,198.0,-41.315766666667,174.784166666667
20191126154934,198.0,-41.31575,174.784166666667
20191126154950,196.0,-41.31575,174.784166666667
20191126155006,197.0,-41.31575,174.784166666667
20191126155041,196.0,-41.315766666667,174.784166666667
20191126155057,197.0,-41.315766666667,174.784116666667
20191126155113,197.0,-41.315766666667,174.784116666667
20191126155147,196.0,-41.315783333333,174.784116666667
20191126155203,197.0,-41.315783333333,174.78415
20191126155219,197.0,-41.315783333333,174.78415
20191126155252,197.0,-41.31575,174.78415
20191126155308,197.0,-41.31575,174.784183333333
20191126155324,197.0,-41.31575,174.784183333333
20191126155358,196.0,-41.31575,174.784183333333
20191126155414,196.0,-41.31575,174.784166666667
20191126155430,196.0,-41.31575,174.784166666667
20191126155502,197.0,-41.315766666667,174.784166666667
20191126155518,198.0,-41.315766666667,174.784133333333
20191126155534,198.0,-41.315766666667,174.784133333333
20191126155608,198.0,-41.31575,174.784133333333
20191126155624,195.0,-41.31575,174.784133333333
20191126155640,197.0,-41.31575,174.784133333333
20191126155714,197.0,-41.315766666667,174.784133333333
20191126155730,198.0,-41.315766666667,174.784116666667
20191126155746,198.0,-41.315766666667,174.784116666667
20191126155820,197.0,-41.315766666667,174.784116666667
20191126155836,197.0,-41.315766666667,174.78415
20191126155852,196.0,-41.315766666667,174.78415
20191126155926,196.0,-41.315766666667,174.78415
20191126155942,196.0,-41.315766666667,174.784183333333
20191126155958,196.0,-41.315766666667,174.784183333333
20191126160038,196.0,-41.315783333333,174.784183333333
20191126160054,198.0,-41.315783333333,174.784116666667
20191126160110,197.0,-41.315783333333,174.784116666667
20191126160146,197.0,-41.315833333333,174.784116666667
20191126160202,198.0,-41.315833333333,174.784183333333
20191126160218,197.0,-41.315833333333,174.784183333333
20191126160300,197.0,-41.31575,174.784183333333
20191126160316,197.0,-41.31575,174.784166666667
20191126160332,197.0,-41.31575,174.784166666667
20191126160414,197.0,-41.315733333333,174.784166666667
20191126160430,196.0,-41.315733333333,174.78425
20191126160446,196.0,-41.315733333333,174.78425
20191126160521,197.0,-41.31575,174.78425
20191126160537,198.0,-41.31575,174.78415
20191126160553,197.0,-41.31575,174.78415
20191126160627,196.0,-41.315783333333,174.78415
20191126160643,197.0,-41.315783333333,174.784066666667
20191126160659,196.0,-41.315783333333,174.784066666667
20191126160735,196.0,-41.31575,174.784066666667
20191126160751,197.0,-41.31575,174.784133333333
20191126160807,196.0,-41.31575,174.784133333333
20191126160852,196.0,-41.31565,174.784133333333
20191126160908,197.0,-41.31565,174.78405
20191126160924,196.0,-41.31565,174.78405
20191126161006,195.0,-41.315683333333,174.78405
20191126161022,196.0,-41.315683333333,174.78415
20191126161038,195.0,-41.315683333333,174.78415
20191126161116,196.0,-41.3158,174.78415
20191126161132,197.0,-41.3158,174.78415
20191126161148,196.0,-41.3158,174.78415
20191126161224,196.0,-41.315666666667,174.78415
20191126161240,196.0,-41.315666666667,174.78415
20191126161256,196.0,-41.315666666667,174.78415
20191126161331,195.0,-41.315733333333,174.78415
20191126161347,196.0,-41.315733333333,174.784183333333
20191126161403,197.0,-41.315733333333,174.784183333333
20191126161440,197.0,-41.315733333333,174.784183333333
20191126161456,197.0,-41.315733333333,174.784216666667
20191126161512,196.0,-41.315733333333,174.784216666667
20191126161551,196.0,-41.3156,174.784216666667
20191126161607,197.0,-41.3156,174.784233333333
20191126161623,196.0,-41.3156,174.784233333333
20191126161702,196.0,-41.315816666667,174.784233333333
20191126161718,197.0,-41.315816666667,174.7842
20191126161734,196.0,-41.315816666667,174.7842
20191126161809,196.0,-41.31575,174.7842
20191126161825,197.0,-41.31575,174.78415
20191126161841,196.0,-41.31575,174.78415
20191126161916,195.0,-41.315666666667,174.78415
20191126161932,197.0,-41.315666666667,174.784183333333
20191126161948,196.0,-41.315666666667,174.784183333333
20191126162023,196.0,-41.3159,174.784183333333
20191126162039,197.0,-41.3159,174.7841
20191126162055,198.0,-41.3159,174.7841
20191126162129,196.0,-41.315783333333,174.7841
20191126162145,197.0,-41.315783333333,174.784133333333
20191126162201,196.0,-41.315783333333,174.784133333333
20191126162233,196.0,-41.3158,174.784133333333
20191126162249,197.0,-41.3158,174.784116666667
20191126162305,197.0,-41.3158,174.784116666667
20191126162336,196.0,-41.3158,174.784116666667
20191126162352,198.0,-41.3158,174.784116666667
20191126162408,197.0,-41.3158,174.784116666667
20191126162439,197.0,-41.315683333333,174.784116666667
20191126162455,197.0,-41.315683333333,174.784116666667
20191126162511,196.0,-41.315683333333,174.784116666667
20191126162544,196.0,-41.315766666667,174.784116666667
20191126162600,197.0,-41.315766666667,174.78415
20191126162616,198.0,-41.315766666667,174.78415
20191126162648,195.0,-41.315783333333,174.78415
20191126162704,196.0,-41.315783333333,174.784133333333
20191126162720,197.0,-41.315783333333,174.784133333333
20191126162753,195.0,-41.315766666667,174.784133333333
20191126162809,195.0,-41.315766666667,174.784133333333
20191126162825,197.0,-41.315766666667,174.784133333333
20191126162900,195.0,-41.31575,174.784133333333
20191126162916,196.0,-41.31575,174.784066666667
20191126162932,197.0,-41.31575,174.784066666667
20191126163011,197.0,-41.315833333333,174.784066666667
20191126163027,197.0,-41.315833333333,174.784066666667
20191126163043,197.0,-41.315833333333,174.784066666667
20191126163120,196.0,-41.315766666667,174.784066666667
20191126163136,197.0,-41.315766666667,174.784133333333
20191126163152,197.0,-41.315766666667,174.784133333333
20191126163226,198.0,-41.315833333333,174.784133333333
20191126163242,198.0,-41.315833333333,174.784166666667
20191126163258,197.0,-41.315833333333,174.784166666667
20191126163338,197.0,-41.31575,174.784166666667
20191126163354,197.0,-41.31575,174.7841
20191126163410,198.0,-41.31575,174.7841
20191126163450,197.0,-41.315816666667,174.7841
20191126163506,197.0,-41.315816666667,174.784166666667
20191126163522,197.0,-41.315816666667,174.784166666667
20191126163613,196.0,-41.315816666667,174.784166666667
20191126163629,196.0,-41.315816666667,174.784183333333
20191126163645,196.0,-41.315816666667,174.784183333333
20191126163720,195.0,-41.31585,174.784183333333
20191126163736,196.0,-41.31585,174.784233333333
20191126163752,196.0,-41.31585,174.784233333333
20191126163826,196.0,-41.315816666667,174.784233333333
20191126163842,196.0,-41.315816666667,174.7842
20191126163858,196.0,-41.315816666667,174.7842
20191126163933,195.0,-41.31575,174.7842
20191126163949,196.0,-41.31575,174.784216666667
20191126164005,196.0,-41.31575,174.784216666667
20191126164039,197.0,-41.3157,174.784216666667
20191126164055,198.0,-41.3157,174.784316666667
20191126164111,198.0,-41.3157,174.784316666667
20191126164146,196.0,-41.31585,174.784316666667
20191126164202,198.0,-41.31585,174.784233333333
20191126164218,198.0,-41.31585,174.784233333333
20191126164253,197.0,-41.315983333333,174.784233333333
20191126164309,198.0,-41.315983333333,174.7842
20191126164325,197.0,-41.315983333333,174.7842
20191126164400,198.0,-41.315833333333,174.7842
20191126164416,197.0,-41.315833333333,174.784133333333
20191126164432,197.0,-41.315833333333,174.784133333333
20191126164505,197.0,-41.3158,174.784133333333
20191126164521,198.0,-41.3158,174.7842
20191126164537,197.0,-41.3158,174.7842
20191126164609,197.0,-41.315816666667,174.7842
20191126164625,198.0,-41.315816666667,174.7842
20191126164641,198.0,-41.315816666667,174.7842
20191126164712,197.0,-41.31575,174.7842
20191126164728,198.0,-41.31575,174.784183333333
20191126164744,197.0,-41.31575,174.784183333333
20191126164817,196.0,-41.315683333333,174.784183333333
20191126164833,197.0,-41.315683333333,174.784183333333
20191126164849,197.0,-41.315683333333,174.784183333333
20191126164922,197.0,-41.315716666667,174.784183333333
20191126164938,197.0,-41.315716666667,174.784183333333
20191126164954,197.0,-41.315716666667,174.784183333333
20191126165036,197.0,-41.315716666667,174.784183333333
20191126165052,197.0,-41.315716666667,174.784166666667
20191126165108,197.0,-41.315716666667,174.784166666667
20191126165143,196.0,-41.315816666667,174.784166666667
20191126165159,197.0,-41.315816666667,174.784133333333
20191126165215,197.0,-41.315816666667,174.784133333333
20191126165250,196.0,-41.315883333333,174.784133333333
20191126165306,197.0,-41.315883333333,174.784216666667
20191126165322,197.0,-41.315883333333,174.784216666667
20191126165357,197.0,-41.315766666667,174.784216666667
20191126165413,197.0,-41.315766666667,174.784166666667
20191126165429,197.0,-41.315766666667,174.784166666667
20191126165503,197.0,-41.315816666667,174.784166666667
20191126165519,196.0,-41.315816666667,174.78425
20191126165535,196.0,-41.315816666667,174.78425
20191126165609,196.0,-41.315883333333,174.78425
20191126165625,197.0,-41.315883333333,174.784233333333
20191126165641,197.0,-41.315883333333,174.784233333333
20191126165714,196.0,-41.315783333333,174.784233333333
20191126165730,197.0,-41.315783333333,174.784183333333
20191126165746,197.0,-41.315783333333,174.784183333333
20191126165818,196.0,-41.315866666667,174.784183333333
20191126165834,197.0,-41.315866666667,174.784266666667
20191126165850,198.0,-41.315866666667,174.784266666667
20191126165921,197.0,-41.3158,174.784266666667
20191126165937,197.0,-41.3158,174.784166666667
20191126165953,197.0,-41.3158,174.784166666667
20191126170025,197.0,-41.3158,174.784166666667
20191126170041,198.0,-41.3158,174.784183333333
20191126170057,198.0,-41.3158,174.784183333333
20191126170130,198.0,-41.315783333333,174.784183333333
20191126170146,198.0,-41.315783333333,174.784233333333
20191126170202,198.0,-41.315783333333,174.784233333333
20191126170236,198.0,-41.315916666667,174.784233333333
20191126170252,197.0,-41.315916666667,174.784216666667
20191126170308,197.0,-41.315916666667,174.784216666667
20191126170340,197.0,-41.315866666667,174.784216666667
20191126170356,198.0,-41.315866666667,174.784233333333
20191126170412,198.0,-41.315866666667,174.784233333333
20191126170443,197.0,-41.315816666667,174.784233333333
20191126170459,197.0,-41.315816666667,174.784183333333
20191126170515,197.0,-41.315816666667,174.784183333333
20191126170552,197.0,-41.315933333333,174.784183333333
20191126170608,197.0,-41.315933333333,174.784183333333
20191126170624,196.0,-41.315933333333,174.784183333333
20191126170658,197.0,-41.3158,174.784183333333
20191126170714,197.0,-41.3158,174.784083333333
20191126170730,197.0,-41.3158,174.784083333333
20191126170805,197.0,-41.3158,174.784083333333
20191126170821,197.0,-41.3158,174.784083333333
20191126170837,197.0,-41.3158,174.784083333333
20191126170913,196.0,-41.315883333333,174.784083333333
20191126170929,197.0,-41.315883333333,174.7842
20191126170945,197.0,-41.315883333333,174.7842
20191126171025,197.0,-41.315933333333,174.7842
20191126171041,197.0,-41.315933333333,174.78425
20191126171057,197.0,-41.315933333333,174.78425
20191126171131,197.0,-41.31575,174.78425
20191126171147,197.0,-41.31575,174.78415
20191126171203,197.0,-41.31575,174.78415
20191126171238,196.0,-41.3158,174.78415
20191126171254,197.0,-41.3158,174.784183333333
20191126171310,197.0,-41.3158,174.784183333333
20191126171346,197.0,-41.315766666667,174.784183333333
20191126171402,197.0,-41.315766666667,174.784166666667
20191126171418,197.0,-41.315766666667,174.784166666667
20191126171453,196.0,-41.315883333333,174.784166666667
20191126171509,197.0,-41.315883333333,174.784283333333
20191126171525,197.0,-41.315883333333,174.784283333333
20191126171558,197.0,-41.315766666667,174.784283333333
20191126171614,196.0,-41.315766666667,174.7842
20191126171630,197.0,-41.315766666667,174.7842
20191126171703,196.0,-41.3158,174.7842
20191126171719,197.0,-41.3158,174.784166666667
20191126171735,197.0,-41.3158,174.784166666667
20191126171807,197.0,-41.315766666667,174.784166666667
20191126171823,197.0,-41.315766666667,174.784166666667
20191126171839,197.0,-41.315766666667,174.784166666667
20191126171914,197.0,-41.3159,174.784166666667
20191126171930,196.0,-41.3159,174.784233333333
20191126171946,196.0,-41.3159,174.784233333333
20191126172026,196.0,-41.315866666667,174.784233333333
20191126172042,197.0,-41.315866666667,174.784216666667
20191126172058,197.0,-41.315866666667,174.784216666667
20191126172134,196.0,-41.315566666667,174.784216666667
20191126172150,197.0,-41.315566666667,174.784066666667
20191126172206,196.0,-41.315566666667,174.784066666667
20191126172240,196.0,-41.315816666667,174.784066666667
20191126172256,197.0,-41.315816666667,174.784166666667
20191126172312,197.0,-41.315816666667,174.784166666667
20191126172346,196.0,-41.315683333333,174.784166666667
20191126172402,197.0,-41.315683333333,174.784183333333
20191126172418,197.0,-41.315683333333,174.784183333333
20191126172451,197.0,-41.315833333333,174.784183333333
20191126172507,197.0,-41.315833333333,174.784183333333
20191126172523,197.0,-41.315833333333,174.784183333333
20191126172556,197.0,-41.3158,174.784183333333
20191126172612,197.0,-41.3158,174.784183333333
20191126172628,197.0,-41.3158,174.784183333333
20191126172703,196.0,-41.315783333333,174.784183333333
20191126172719,197.0,-41.315783333333,174.784166666667
20191126172735,197.0,-41.315783333333,174.784166666667
20191126172809,196.0,-41.315816666667,174.784166666667
20191126172825,197.0,-41.315816666667,174.784166666667
20191126172841,197.0,-41.315816666667,174.784166666667
20191126172916,196.0,-41.31575,174.784166666667
20191126172932,196.0,-41.31575,174.78415
20191126172948,196.0,-41.31575,174.78415
20191126173021,198.0,-41.315866666667,174.78415
20191126173037,197.0,-41.315866666667,174.7842
20191126173053,197.0,-41.315866666667,174.7842
20191126173129,196.0,-41.31585,174.7842
20191126173145,196.0,-41.31585,174.7842
20191126173201,197.0,-41.31585,174.7842
20191126173235,197.0,-41.3157,174.7842
20191126173251,197.0,-41.3157,174.7842
20191126173307,197.0,-41.3157,174.7842
20191126173340,196.0,-41.315766666667,174.7842
20191126173356,197.0,-41.315766666667,174.7842
20191126173412,197.0,-41.315766666667,174.7842
20191126173446,197.0,-41.3158,174.7842
20191126173502,197.0,-41.3158,174.784183333333
20191126173518,197.0,-41.3158,174.784183333333
20191126173554,197.0,-41.315816666667,174.784183333333
20191126173610,197.0,-41.315816666667,174.784166666667
20191126173626,197.0,-41.315816666667,174.784166666667
20191126173702,196.0,-41.315833333333,174.784166666667
20191126173718,197.0,-41.315833333333,174.78415
20191126173734,197.0,-41.315833333333,174.78415
20191126173807,196.0,-41.315733333333,174.78415
20191126173823,198.0,-41.315733333333,174.784133333333
20191126173839,198.0,-41.315733333333,174.784133333333
20191126173912,198.0,-41.315833333333,174.784133333333
20191126173928,198.0,-41.315833333333,174.78415
20191126173944,198.0,-41.315833333333,174.78415
20191126174020,198.0,-41.3158,174.78415
20191126174036,198.0,-41.3158,174.78415
20191126174052,199.0,-41.3158,174.78415
20191126174130,198.0,-41.315816666667,174.78415
20191126174146,198.0,-41.315816666667,174.784133333333
20191126174202,198.0,-41.315816666667,174.784133333333
20191126174237,198.0,-41.31575,174.784133333333
20191126174253,198.0,-41.31575,174.7841
20191126174309,198.0,-41.31575,174.7841
20191126174343,197.0,-41.315783333333,174.7841
20191126174359,198.0,-41.315783333333,174.784133333333
20191126174415,198.0,-41.315783333333,174.784133333333
20191126174448,196.0,-41.315783333333,174.784133333333
20191126174504,197.0,-41.315783333333,174.78415
20191126174520,197.0,-41.315783333333,174.78415
20191126174555,196.0,-41.315783333333,174.78415
20191126174611,197.0,-41.315783333333,174.784133333333
20191126174627,197.0,-41.315783333333,174.784133333333
20191126174701,197.0,-41.31585,174.784133333333
20191126174717,198.0,-41.31585,174.784166666667
20191126174733,198.0,-41.31585,174.784166666667
20191126174810,198.0,-41.315716666667,174.784166666667
20191126174826,197.0,-41.315716666667,174.784116666667
20191126174842,197.0,-41.315716666667,174.784116666667
20191126174916,197.0,-41.31575,174.784116666667
20191126174932,197.0,-41.31575,174.7841
20191126174948,197.0,-41.31575,174.7841
20191126175029,196.0,-41.315716666667,174.7841
20191126175045,198.0,-41.315716666667,174.784083333333
20191126175101,198.0,-41.315716666667,174.784083333333
20191126175142,197.0,-41.3158,174.784083333333
20191126175158,198.0,-41.3158,174.78405
20191126175214,198.0,-41.3158,174.78405
20191126175249,197.0,-41.315866666667,174.78405
20191126175305,197.0,-41.315866666667,174.784066666667
20191126175321,197.0,-41.315866666667,174.784066666667
20191126175356,196.0,-41.315733333333,174.784066666667
20191126175412,196.0,-41.315733333333,174.7841
20191126175428,196.0,-41.315733333333,174.7841
20191126175505,196.0,-41.3158,174.7841
20191126175521,197.0,-41.3158,174.784083333333
20191126175537,196.0,-41.3158,174.784083333333
20191126175611,197.0,-41.315833333333,174.784083333333
20191126175627,197.0,-41.315833333333,174.784083333333
20191126175643,197.0,-41.315833333333,174.784083333333
20191126175717,196.0,-41.3158,174.784083333333
20191126175733,197.0,-41.3158,174.7841
20191126175749,196.0,-41.3158,174.7841
20191126175822,196.0,-41.31575,174.7841
20191126175838,196.0,-41.31575,174.784133333333
20191126175854,196.0,-41.31575,174.784133333333
20191126175929,196.0,-41.315766666667,174.784133333333
20191126175945,198.0,-41.315766666667,174.784116666667
20191126180001,199.0,-41.315766666667,174.784116666667
20191126180036,193.0,-41.3157,174.784116666667
20191126180052,193.0,-41.3157,174.784166666667
20191126180108,193.0,-41.3157,174.784166666667
20191126180146,192.0,-41.315783333333,174.784166666667
20191126180202,192.0,-41.315783333333,174.78425
20191126180218,193.0,-41.315783333333,174.78425
20191126180255,193.0,-41.315716666667,174.78425
20191126180311,193.0,-41.315716666667,174.784166666667
20191126180327,193.0,-41.315716666667,174.784166666667
20191126180407,193.0,-41.315783333333,174.784166666667
20191126180423,193.0,-41.315783333333,174.784033333333
20191126180439,193.0,-41.315783333333,174.784033333333
20191126180522,193.0,-41.315783333333,174.784033333333
20191126180538,194.0,-41.315783333333,174.784283333333
20191126180554,193.0,-41.315783333333,174.784283333333
20191126180639,192.0,-41.315833333333,174.784283333333
20191126180655,192.0,-41.315833333333,174.784133333333
20191126180711,192.0,-41.315833333333,174.784133333333
20191126180747,193.0,-41.315816666667,174.784133333333
20191126180803,192.0,-41.315816666667,174.7841
20191126180819,192.0,-41.315816666667,174.7841
20191126180855,193.0,-41.31565,174.7841
20191126180911,192.0,-41.31565,174.7841
20191126180927,193.0,-41.31565,174.7841
20191126181008,193.0,-41.315833333333,174.7841
20191126181024,193.0,-41.315833333333,174.78425
20191126181040,194.0,-41.315833333333,174.78425
20191126181118,193.0,-41.315783333333,174.78425
20191126181134,192.0,-41.315783333333,174.784133333333
20191126181150,193.0,-41.315783333333,174.784133333333
20191126181227,193.0,-41.315683333333,174.784133333333
20191126181243,193.0,-41.315683333333,174.784116666667
20191126181259,198.0,-41.315683333333,174.784116666667
20191126181332,163.0,-41.315866666667,174.784116666667
20191126181348,163.0,-41.315866666667,174.784316666667
20191126181404,158.0,-41.315866666667,174.784316666667
20191126181436,159.0,-41.316166666667,174.784316666667
20191126181452,156.0,-41.316166666667,174.784916666667
20191126181508,154.0,-41.316166666667,174.784916666667
20191126181539,155.0,-41.31615,174.784916666667
20191126181555,156.0,-41.31615,174.784933333333
20191126181611,154.0,-41.31615,174.784933333333
20191126181643,153.0,-41.316216666667,174.784933333333
20191126181659,153.0,-41.316216666667,174.7854
20191126181747,153.0,-41.31655,174.7854
20191126181819,152.0,-41.31655,174.785933333333
20191126181907,153.0,-41.316433333333,174.78645
20191126181923,155.0,-41.316433333333,174.78645
20191126181953,156.0,-41.316433333333,174.78645
20191126182009,153.0,-41.316433333333,174.786516666667
20191126182025,155.0,-41.316433333333,174.786516666667
20191126182058,155.0,-41.3164,174.786516666667
20191126182114,153.0,-41.3164,174.786566666667
20191126182130,153.0,-41.3164,174.786566666667
20191126182202,153.0,-41.316533333333,174.786566666667
20191126182218,155.0,-41.316533333333,174.7868
20191126182234,153.0,-41.316533333333,174.7868
20191126182306,154.0,-41.316416666667,174.7868
20191126182322,156.0,-41.316416666667,174.78705
20191126182346,153.0,-41.316416666667,174.78705
20191126182417,154.0,-41.3164,174.7872
20191126182433,152.0,-41.3164,174.7872
20191126182449,153.0,-41.3164,174.7872
20191126182519,152.0,-41.31645,174.78735
20191126182535,153.0,-41.31645,174.78735
20191126182551,154.0,-41.31645,174.78735
20191126182630,153.0,-41.3165,174.7874
20191126182646,153.0,-41.3165,174.7874
20191126182716,154.0,-41.316383333333,174.7874
20191126182732,153.0,-41.316383333333,174.78745
20191126182748,156.0,-41.316383333333,174.78745
20191126182818,153.0,-41.316283333333,174.78745
20191126182834,153.0,-41.316283333333,174.7876
20191126182850,153.0,-41.316283333333,174.7876
20191126182954,152.0,-41.316133333333,174.7875
20191126183056,152.0,-41.315733333333,174.7875
20191126183245,152.0,-41.315016666667,174.78675
20191126183956,152.0,-41.312966666667,174.784633333333
20191126184049,153.0,-41.31415,174.784633333333
20191126184113,153.0,-41.31415,174.7848
20191126184129,154.0,-41.31415,174.7848
20191126184201,155.0,-41.314933333333,174.78495
20191126184217,156.0,-41.314933333333,174.78495
20191126184233,163.0,-41.314933333333,174.78495
20191126184305,163.0,-41.3155,174.784433333333
20191126184321,192.0,-41.3155,174.784433333333
20191126184337,195.0,-41.3155,174.784433333333
20191126184423,194.0,-41.315766666667,174.784016666667
20191126184439,194.0,-41.315766666667,174.784016666667
20191126184455,194.0,-41.315766666667,174.784016666667
20191126184530,194.0,-41.3158,174.784083333333
20191126184546,194.0,-41.3158,174.784083333333
20191126184602,194.0,-41.3158,174.784083333333
20191126184642,194.0,-41.31575,174.78405
20191126184658,193.0,-41.31575,174.78405
20191126184714,194.0,-41.31575,174.78405
20191126184806,194.0,-41.315733333333,174.78405
20191126184822,194.0,-41.315733333333,174.78405
20191126184838,194.0,-41.315733333333,174.78405
20191126184915,193.0,-41.31575,174.784133333333
20191126184931,195.0,-41.31575,174.784133333333
20191126184947,194.0,-41.31575,174.784133333333
20191126185021,193.0,-41.315766666667,174.7841
20191126185037,193.0,-41.315766666667,174.7841
20191126185053,193.0,-41.315766666667,174.7841
20191126185137,193.0,-41.3157,174.784183333333
20191126185153,193.0,-41.3157,174.784183333333
20191126185209,193.0,-41.3157,174.784183333333
20191126185249,195.0,-41.31575,174.783966666667
20191126185305,195.0,-41.31575,174.783966666667
20191126185321,195.0,-41.31575,174.783966666667
20191126185356,194.0,-41.315783333333,174.784116666667
20191126185412,194.0,-41.315783333333,174.784116666667
20191126185428,194.0,-41.315783333333,174.784116666667
20191126185502,194.0,-41.315783333333,174.7841
20191126185518,194.0,-41.315783333333,174.7841
20191126185534,194.0,-41.315783333333,174.7841
20191126185615,195.0,-41.3158,174.78405
20191126185631,196.0,-41.3158,174.78405
20191126185647,195.0,-41.3158,174.78405
20191126185724,194.0,-41.3158,174.784083333333
20191126185836,195.0,-41.315766666667,174.7842
20191126185852,195.0,-41.315766666667,174.7842
20191126185908,194.0,-41.315766666667,174.7842
20191126190052,194.0,-41.315833333333,174.784166666667
20191126190108,194.0,-41.315833333333,174.784166666667
20191126190124,194.0,-41.315833333333,174.784166666667
20191126190205,194.0,-41.31585,174.784133333333
20191126190221,195.0,-41.31585,174.784133333333
20191126190237,194.0,-41.31585,174.784133333333
20191126190318,195.0,-41.3158,174.78405
20191126190334,194.0,-41.3158,174.78405
20191126190350,194.0,-41.3158,174.78405
20191126190434,195.0,-41.31575,174.78405
20191126190450,195.0,-41.31575,174.78405
20191126190506,195.0,-41.31575,174.78405
20191126190602,195.0,-41.315816666667,174.783983333333
20191126190618,195.0,-41.315816666667,174.783983333333
20191126190634,193.0,-41.315816666667,174.783983333333
20191126190716,194.0,-41.315916666667,174.784083333333
20191126190732,194.0,-41.315916666667,174.784083333333
20191126190748,194.0,-41.315916666667,174.784083333333
20191126190823,194.0,-41.315766666667,174.784116666667
20191126190839,194.0,-41.315766666667,174.784116666667
20191126190855,194.0,-41.315766666667,174.784116666667
20191126190928,194.0,-41.3158,174.784183333333
20191126190944,194.0,-41.3158,174.784183333333
20191126191000,194.0,-41.3158,174.784183333333
20191126191035,194.0,-41.3157,174.7841
20191126191051,194.0,-41.3157,174.7841
20191126191107,194.0,-41.3157,174.7841
20191126191145,193.0,-41.315816666667,174.7841
20191126191201,193.0,-41.315816666667,174.7841
20191126191217,194.0,-41.315816666667,174.7841
20191126191255,193.0,-41.315966666667,174.784033333333
20191126191311,194.0,-41.315966666667,174.784033333333
20191126191327,194.0,-41.315966666667,174.784033333333
20191126191404,193.0,-41.315966666667,174.784116666667
20191126191420,193.0,-41.315966666667,174.784116666667
20191126191436,193.0,-41.315966666667,174.784116666667
20191126191539,192.0,-41.315716666667,174.78415
20191126191555,193.0,-41.315716666667,174.78415
20191126191611,192.0,-41.315716666667,174.78415
20191126191658,193.0,-41.315966666667,174.78395
20191126191714,195.0,-41.315966666667,174.78395
20191126191730,193.0,-41.315966666667,174.78395
20191126191820,195.0,-41.316066666667,174.78405
20191126191836,195.0,-41.316066666667,174.78405
20191126191852,195.0,-41.316066666667,174.78405
20191126191937,194.0,-41.31575,174.783933333333
20191126191953,194.0,-41.31575,174.783933333333
20191126192009,194.0,-41.31575,174.783933333333
20191126192048,194.0,-41.315866666667,174.78405
20191126192104,193.0,-41.315866666667,174.78405
20191126192120,194.0,-41.315866666667,174.78405
20191126192210,195.0,-41.315633333333,174.784166666667
20191126192226,195.0,-41.315633333333,174.784166666667
20191126192242,194.0,-41.315633333333,174.784166666667
20191126192403,195.0,-41.316333333333,174.784016666667
20191126192419,194.0,-41.316333333333,174.784016666667
20191126192435,195.0,-41.316333333333,174.784016666667
20191126192529,194.0,-41.314916666667,174.7829
20191126192545,194.0,-41.314916666667,174.7829
20191126192601,194.0,-41.314916666667,174.7829
20191126192640,195.0,-41.31685,174.78445
20191126192656,194.0,-41.31685,174.78445
20191126192712,195.0,-41.31685,174.78445
20191126192924,194.0,-41.31595,174.783266666667
20191126192940,194.0,-41.31595,174.783266666667
20191126192956,193.0,-41.31595,174.783266666667
20191126193156,194.0,-41.314933333333,174.7839
20191126193212,194.0,-41.314933333333,174.7839
20191126193315,194.0,-41.311433333333,174.7839
20191126193331,194.0,-41.311433333333,174.78315
20191126193347,195.0,-41.311433333333,174.78315
20191126193437,194.0,-41.314766666667,174.78315
20191126193453,194.0,-41.314766666667,174.783916666667
20191126193509,194.0,-41.314766666667,174.783916666667
20191126193543,194.0,-41.315716666667,174.783916666667
20191126193559,194.0,-41.315716666667,174.784116666667
20191126193615,194.0,-41.315716666667,174.784116666667
20191126193651,193.0,-41.315766666667,174.784116666667
20191126193707,194.0,-41.315766666667,174.784083333333
20191126193723,194.0,-41.315766666667,174.784083333333
20191126193806,193.0,-41.315533333333,174.784083333333
20191126193822,194.0,-41.315533333333,174.784083333333
20191126193838,194.0,-41.315533333333,174.784083333333
20191126193916,193.0,-41.316,174.784083333333
20191126193932,194.0,-41.316,174.784016666667
20191126193948,194.0,-41.316,174.784016666667
20191126194025,193.0,-41.31575,174.784016666667
20191126194041,194.0,-41.31575,174.784133333333
20191126194057,194.0,-41.31575,174.784133333333
20191126194131,194.0,-41.315783333333,174.784133333333
20191126194147,194.0,-41.315783333333,174.784133333333
20191126194203,194.0,-41.315783333333,174.784133333333
20191126194240,194.0,-41.316016666667,174.784133333333
20191126194256,194.0,-41.316016666667,174.784066666667
20191126194312,194.0,-41.316016666667,174.784066666667
20191126194347,193.0,-41.315766666667,174.784066666667
20191126194403,193.0,-41.315766666667,174.78415
20191126194419,193.0,-41.315766666667,174.78415
20191126194454,192.0,-41.315633333333,174.78415
20191126194510,194.0,-41.315633333333,174.784216666667
20191126194526,194.0,-41.315633333333,174.784216666667
20191126194603,193.0,-41.315633333333,174.784216666667
20191126194619,194.0,-41.315633333333,174.784233333333
20191126194635,194.0,-41.315633333333,174.784233333333
20191126194710,193.0,-41.315433333333,174.784233333333
20191126194726,194.0,-41.315433333333,174.784683333333
20191126194742,194.0,-41.315433333333,174.784683333333
20191126194819,196.0,-41.315866666667,174.784683333333
20191126194835,200.0,-41.315866666667,174.784116666667
20191126194851,201.0,-41.315866666667,174.784116666667
20191126194926,200.0,-41.315983333333,174.784116666667
20191126194942,200.0,-41.315983333333,174.784083333333
20191126194958,200.0,-41.315983333333,174.784083333333
20191126195039,199.0,-41.315983333333,174.784083333333
20191126195055,200.0,-41.315983333333,174.78405
20191126195111,201.0,-41.315983333333,174.78405
20191126195148,200.0,-41.31585,174.78405
20191126195204,201.0,-41.31585,174.784066666667
20191126195220,201.0,-41.31585,174.784066666667
20191126195255,200.0,-41.315833333333,174.784066666667
20191126195311,201.0,-41.315833333333,174.784183333333
20191126195327,200.0,-41.315833333333,174.784183333333
20191126195404,200.0,-41.315883333333,174.784183333333
20191126195420,201.0,-41.315883333333,174.784183333333
20191126195436,200.0,-41.315883333333,174.784183333333
20191126195512,200.0,-41.315766666667,174.784183333333
20191126195528,200.0,-41.315766666667,174.784233333333
20191126195544,200.0,-41.315766666667,174.784233333333
20191126195619,200.0,-41.315783333333,174.784233333333
20191126195635,200.0,-41.315783333333,174.784133333333
20191126195651,200.0,-41.315783333333,174.784133333333
20191126195729,200.0,-41.315733333333,174.784133333333
20191126195745,200.0,-41.315733333333,174.784183333333
20191126195801,200.0,-41.315733333333,174.784183333333
20191126195840,200.0,-41.3157,174.784183333333
20191126195912,201.0,-41.3157,174.784616666667
20191126200001,200.0,-41.315783333333,174.784616666667
20191126200017,200.0,-41.315783333333,174.78425
20191126200033,200.0,-41.315783333333,174.78425
20191126200109,200.0,-41.315733333333,174.78425
20191126200125,201.0,-41.315733333333,174.784266666667
20191126200141,201.0,-41.315733333333,174.784266666667
20191126200218,200.0,-41.315716666667,174.784266666667
20191126200234,200.0,-41.315716666667,174.78415
20191126200250,200.0,-41.315716666667,174.78415
20191126200335,200.0,-41.3158,174.78415
20191126200351,200.0,-41.3158,174.784183333333
20191126200407,200.0,-41.3158,174.784183333333
20191126200450,200.0,-41.315816666667,174.784183333333
20191126200506,200.0,-41.315816666667,174.784116666667
20191126200522,200.0,-41.315816666667,174.784116666667
20191126200602,200.0,-41.315866666667,174.784116666667
20191126200618,200.0,-41.315866666667,174.78415
20191126200634,200.0,-41.315866666667,174.78415
20191126200710,200.0,-41.315766666667,174.78415
20191126200726,200.0,-41.315766666667,174.784183333333
20191126200742,200.0,-41.315766666667,174.784183333333
20191126200819,200.0,-41.315916666667,174.784183333333
20191126200835,200.0,-41.315916666667,174.784016666667
20191126200851,200.0,-41.315916666667,174.784016666667
20191126200928,200.0,-41.3158,174.784016666667
20191126200944,201.0,-41.3158,174.784083333333
20191126201000,201.0,-41.3158,174.784083333333
20191126201047,198.0,-41.3157,174.784083333333
20191126201103,201.0,-41.3157,174.784133333333
20191126201119,201.0,-41.3157,174.784133333333
20191126201200,200.0,-41.315833333333,174.784133333333
20191126201216,201.0,-41.315833333333,174.784116666667
20191126201232,201.0,-41.315833333333,174.784116666667
20191126201325,200.0,-41.31565,174.784116666667
20191126201341,201.0,-41.31565,174.78445
20191126201357,201.0,-41.31565,174.78445
20191126201442,200.0,-41.315716666667,174.78445
20191126201458,201.0,-41.315716666667,174.784266666667
20191126201514,201.0,-41.315716666667,174.784266666667
20191126201551,200.0,-41.315783333333,174.784266666667
20191126201607,201.0,-41.315783333333,174.7843
20191126201623,201.0,-41.315783333333,174.7843
20191126201722,200.0,-41.315716666667,174.7843
20191126201738,201.0,-41.315716666667,174.784833333333
20191126201754,201.0,-41.315716666667,174.784833333333
20191126201831,200.0,-41.315866666667,174.784833333333
20191126201847,201.0,-41.315866666667,174.7842
20191126201903,201.0,-41.315866666667,174.7842
20191126201939,200.0,-41.3157,174.7842
20191126201955,201.0,-41.3157,174.784316666667
20191126202011,201.0,-41.3157,174.784316666667
20191126202048,201.0,-41.315766666667,174.784316666667
20191126202104,201.0,-41.315766666667,174.784133333333
20191126202120,201.0,-41.315766666667,174.784133333333
20191126202156,200.0,-41.315916666667,174.784133333333
20191126202212,201.0,-41.315916666667,174.783916666667
20191126202228,201.0,-41.315916666667,174.783916666667
20191126202304,200.0,-41.315866666667,174.783916666667
20191126202320,201.0,-41.315866666667,174.784166666667
20191126202336,201.0,-41.315866666667,174.784166666667
20191126202418,200.0,-41.315816666667,174.784166666667
20191126202434,201.0,-41.315816666667,174.78415
20191126202450,201.0,-41.315816666667,174.78415
20191126202526,200.0,-41.315816666667,174.78415
20191126202542,201.0,-41.315816666667,174.78415
20191126202558,201.0,-41.315816666667,174.78415
20191126202633,200.0,-41.315883333333,174.78415
20191126202649,201.0,-41.315883333333,174.784133333333
20191126202705,201.0,-41.315883333333,174.784133333333
20191126202742,200.0,-41.315766666667,174.784133333333
20191126202758,201.0,-41.315766666667,174.78425
20191126202814,201.0,-41.315766666667,174.78425
20191126202906,200.0,-41.315816666667,174.78425
20191126202922,201.0,-41.315816666667,174.783933333333
20191126202938,201.0,-41.315816666667,174.783933333333
20191126203014,200.0,-41.315733333333,174.783933333333
20191126203030,201.0,-41.315733333333,174.784283333333
20191126203046,201.0,-41.315733333333,174.784283333333
20191126203121,200.0,-41.3158,174.784283333333
20191126203137,201.0,-41.3158,174.784183333333
20191126203153,201.0,-41.3158,174.784183333333
20191126203227,200.0,-41.3159,174.784183333333
20191126203243,201.0,-41.3159,174.784016666667
20191126203259,201.0,-41.3159,174.784016666667
20191126203347,200.0,-41.315816666667,174.784016666667
20191126203403,201.0,-41.315816666667,174.7843
20191126203419,201.0,-41.315816666667,174.7843
20191126203458,200.0,-41.315833333333,174.7843
20191126203514,201.0,-41.315833333333,174.784183333333
20191126203530,201.0,-41.315833333333,174.784183333333
20191126203610,200.0,-41.315766666667,174.784183333333
20191126203626,201.0,-41.315766666667,174.7845
20191126203642,201.0,-41.315766666667,174.7845
20191126203716,200.0,-41.31575,174.7845
20191126203732,201.0,-41.31575,174.784216666667
20191126203748,201.0,-41.31575,174.784216666667
20191126203827,200.0,-41.315833333333,174.784216666667
20191126203843,201.0,-41.315833333333,174.783783333333
20191126203859,201.0,-41.315833333333,174.783783333333
20191126203936,201.0,-41.3158,174.783783333333
20191126203952,201.0,-41.3158,174.784216666667
20191126204008,201.0,-41.3158,174.784216666667
20191126204046,201.0,-41.315766666667,174.784216666667
20191126204102,201.0,-41.315766666667,174.784133333333
20191126204118,201.0,-41.315766666667,174.784133333333
20191126204151,201.0,-41.315783333333,174.784133333333
20191126204207,201.0,-41.315783333333,174.78415
20191126204223,201.0,-41.315783333333,174.78415
20191126204257,200.0,-41.315766666667,174.78415
20191126204313,201.0,-41.315766666667,174.7842
20191126204329,201.0,-41.315766666667,174.7842
20191126204404,201.0,-41.315816666667,174.7842
20191126204420,201.0,-41.315816666667,174.784383333333
20191126204436,201.0,-41.315816666667,174.784383333333
20191126204529,201.0,-41.3158,174.784383333333
20191126204545,201.0,-41.3158,174.784216666667
20191126204601,202.0,-41.3158,174.784216666667
20191126204649,202.0,-41.315816666667,174.784216666667
20191126204705,196.0,-41.315816666667,174.784233333333
20191126204721,196.0,-41.315816666667,174.784233333333
20191126204813,195.0,-41.3159,174.784233333333
20191126204829,196.0,-41.3159,174.7842
20191126204845,196.0,-41.3159,174.7842
20191126204943,195.0,-41.31585,174.7842
20191126204959,196.0,-41.31585,174.7842
20191126205015,196.0,-41.31585,174.7842
20191126205113,197.0,-41.315783333333,174.7842
20191126205129,196.0,-41.315783333333,174.784216666667
20191126205145,196.0,-41.315783333333,174.784216666667
20191126205218,196.0,-41.315783333333,174.784216666667
20191126205234,196.0,-41.315783333333,174.784216666667
20191126205250,196.0,-41.315783333333,174.784216666667
20191126205322,195.0,-41.315666666667,174.784216666667
20191126205338,197.0,-41.315666666667,174.784216666667
20191126205354,196.0,-41.315666666667,174.784216666667
20191126205424,195.0,-41.315733333333,174.784216666667
20191126205440,195.0,-41.315733333333,174.7842
20191126205456,196.0,-41.315733333333,174.7842
20191126205527,196.0,-41.315783333333,174.7842
20191126205543,195.0,-41.315783333333,174.784216666667
20191126205559,197.0,-41.315783333333,174.784216666667
20191126205630,198.0,-41.315683333333,174.784216666667
20191126205646,197.0,-41.315683333333,174.784233333333
20191126205702,198.0,-41.315683333333,174.784233333333
20191126205733,199.0,-41.315716666667,174.784233333333
20191126205749,198.0,-41.315716666667,174.7842
20191126205805,198.0,-41.315716666667,174.7842
20191126205838,198.0,-41.3158,174.7842
20191126205854,198.0,-41.3158,174.784233333333
20191126205910,198.0,-41.3158,174.784233333333
20191126205943,198.0,-41.315783333333,174.784233333333
20191126205959,198.0,-41.315783333333,174.784166666667
20191126210015,198.0,-41.315783333333,174.784166666667
20191126210049,198.0,-41.315783333333,174.784166666667
20191126210105,197.0,-41.315783333333,174.7842
20191126210121,197.0,-41.315783333333,174.7842
20191126210151,198.0,-41.315816666667,174.7842
20191126210207,198.0,-41.315816666667,174.78415
20191126210223,197.0,-41.315816666667,174.78415
20191126210254,198.0,-41.3158,174.78415
20191126210310,198.0,-41.3158,174.784166666667
20191126210326,198.0,-41.3158,174.784166666667
20191126210357,198.0,-41.315783333333,174.784166666667
20191126210413,198.0,-41.315783333333,174.784183333333
20191126210429,198.0,-41.315783333333,174.784183333333
20191126210500,198.0,-41.3158,174.784183333333
20191126210516,198.0,-41.3158,174.784166666667
20191126210532,198.0,-41.3158,174.784166666667
20191126210603,198.0,-41.315766666667,174.784166666667
20191126210619,198.0,-41.315766666667,174.784183333333
20191126210635,198.0,-41.315766666667,174.784183333333
20191126210707,198.0,-41.31585,174.784183333333
20191126210723,198.0,-41.31585,174.78415
20191126210739,198.0,-41.31585,174.78415
20191126210810,198.0,-41.3158,174.78415
20191126210826,198.0,-41.3158,174.784166666667
20191126210842,198.0,-41.3158,174.784166666667
20191126210912,198.0,-41.315816666667,174.784166666667
20191126210928,198.0,-41.315816666667,174.784133333333
20191126210944,198.0,-41.315816666667,174.784133333333
20191126211015,198.0,-41.315733333333,174.784133333333
20191126211031,198.0,-41.315733333333,174.784133333333
20191126211047,198.0,-41.315733333333,174.784133333333
20191126211118,198.0,-41.315833333333,174.784133333333
20191126211134,198.0,-41.315833333333,174.7841
20191126211150,198.0,-41.315833333333,174.7841
20191126211221,198.0,-41.315816666667,174.7841
20191126211237,198.0,-41.315816666667,174.78415
20191126211253,198.0,-41.315816666667,174.78415
20191126211324,198.0,-41.315766666667,174.78415
20191126211340,198.0,-41.315766666667,174.7841
20191126211356,198.0,-41.315766666667,174.7841
20191126211427,198.0,-41.315866666667,174.7841
20191126211443,203.0,-41.315866666667,174.7841
20191126211459,203.0,-41.315866666667,174.7841
20191126211537,203.0,-41.315733333333,174.7841
20191126211553,203.0,-41.315733333333,174.784183333333
20191126211609,203.0,-41.315733333333,174.784183333333
20191126211642,203.0,-41.3158,174.784183333333
20191126211658,203.0,-41.3158,174.784083333333
20191126211714,203.0,-41.3158,174.784083333333
20191126211744,203.0,-41.31575,174.784083333333
20191126211800,203.0,-41.31575,174.784133333333
20191126211816,203.0,-41.31575,174.784133333333
20191126211909,203.0,-41.315883333333,174.784133333333
20191126211925,203.0,-41.315883333333,174.78465
20191126211941,203.0,-41.315883333333,174.78465
20191126212021,203.0,-41.315733333333,174.78465
20191126212037,203.0,-41.315733333333,174.784133333333
20191126212053,203.0,-41.315733333333,174.784133333333
20191126212127,203.0,-41.315783333333,174.784133333333
20191126212143,203.0,-41.315783333333,174.7842
20191126212159,203.0,-41.315783333333,174.7842
20191126212239,203.0,-41.315766666667,174.7842
20191126212255,203.0,-41.315766666667,174.784133333333
20191126212311,203.0,-41.315766666667,174.784133333333
20191126212344,203.0,-41.315783333333,174.784133333333
20191126212400,203.0,-41.315783333333,174.784116666667
20191126212416,203.0,-41.315783333333,174.784116666667
20191126212500,203.0,-41.3158,174.784116666667
20191126212516,203.0,-41.3158,174.784016666667
20191126212532,203.0,-41.3158,174.784016666667
20191126212621,203.0,-41.3158,174.784016666667
20191126212637,203.0,-41.3158,174.784133333333
20191126212653,203.0,-41.3158,174.784133333333
20191126212732,203.0,-41.315816666667,174.784133333333
20191126212748,203.0,-41.315816666667,174.784066666667
20191126212804,203.0,-41.315816666667,174.784066666667
20191126212836,203.0,-41.31575,174.784066666667
20191126212852,203.0,-41.31575,174.784133333333
20191126212908,203.0,-41.31575,174.784133333333
20191126212939,203.0,-41.315683333333,174.784133333333
20191126212955,202.0,-41.315683333333,174.784133333333
20191126213011,202.0,-41.315683333333,174.784133333333
20191126213043,202.0,-41.31575,174.784133333333
20191126213059,202.0,-41.31575,174.784183333333
20191126213115,202.0,-41.31575,174.784183333333
20191126213149,202.0,-41.315766666667,174.784183333333
20191126213205,202.0,-41.315766666667,174.784166666667
20191126213221,202.0,-41.315766666667,174.784166666667
20191126213253,202.0,-41.315916666667,174.784166666667
20191126213309,202.0,-41.315916666667,174.784133333333
20191126213325,202.0,-41.315916666667,174.784133333333
20191126213358,202.0,-41.3159,174.784133333333
20191126213414,202.0,-41.3159,174.784133333333
20191126213430,202.0,-41.3159,174.784133333333
20191126213502,202.0,-41.3158,174.784133333333
20191126213518,202.0,-41.3158,174.784083333333
20191126213534,202.0,-41.3158,174.784083333333
20191126213610,202.0,-41.315916666667,174.784083333333
20191126213626,202.0,-41.315916666667,174.78415
20191126213642,202.0,-41.315916666667,174.78415
20191126213712,202.0,-41.315883333333,174.78415
20191126213728,202.0,-41.315883333333,174.784116666667
20191126213744,202.0,-41.315883333333,174.784116666667
20191126213817,202.0,-41.315766666667,174.784116666667
20191126213833,202.0,-41.315766666667,174.784166666667
20191126213849,202.0,-41.315766666667,174.784166666667
20191126213920,202.0,-41.315833333333,174.784166666667
20191126213936,202.0,-41.315833333333,174.784116666667
20191126213952,202.0,-41.315833333333,174.784116666667
20191126214022,202.0,-41.315816666667,174.784116666667
20191126214038,202.0,-41.315816666667,174.784183333333
20191126214054,202.0,-41.315816666667,174.784183333333
20191126214126,202.0,-41.3158,174.784183333333
20191126214142,202.0,-41.3158,174.78415
20191126214158,202.0,-41.3158,174.78415
20191126214230,202.0,-41.315733333333,174.78415
20191126214246,202.0,-41.315733333333,174.7842
20191126214302,202.0,-41.315733333333,174.7842
20191126214334,202.0,-41.315766666667,174.7842
20191126214350,202.0,-41.315766666667,174.784183333333
20191126214406,202.0,-41.315766666667,174.784183333333
20191126214438,202.0,-41.315833333333,174.784183333333
20191126214454,202.0,-41.315833333333,174.784133333333
20191126214510,202.0,-41.315833333333,174.784133333333
20191126214543,202.0,-41.315783333333,174.784133333333
20191126214559,202.0,-41.315783333333,174.78415
20191126214615,202.0,-41.315783333333,174.78415
20191126214645,202.0,-41.315816666667,174.78415
20191126214701,202.0,-41.315816666667,174.784133333333
20191126214717,202.0,-41.315816666667,174.784133333333
20191126214749,202.0,-41.3158,174.784133333333
20191126214805,202.0,-41.3158,174.78415
20191126214821,202.0,-41.3158,174.78415
20191126214852,202.0,-41.315766666667,174.78415
20191126214908,202.0,-41.315766666667,174.78415
20191126214924,202.0,-41.315766666667,174.78415
20191126214955,202.0,-41.315866666667,174.78415
20191126215011,202.0,-41.315866666667,174.78415
20191126215027,202.0,-41.315866666667,174.78415
20191126215100,202.0,-41.31585,174.78415
20191126215116,202.0,-41.31585,174.78415
20191126215132,202.0,-41.31585,174.78415
20191126215204,202.0,-41.315933333333,174.78415
20191126215220,202.0,-41.315933333333,174.784066666667
20191126215236,202.0,-41.315933333333,174.784066666667
20191126215307,202.0,-41.315883333333,174.784066666667
20191126215323,202.0,-41.315883333333,174.784116666667
20191126215339,202.0,-41.315883333333,174.784116666667
20191126215412,202.0,-41.3158,174.784116666667
20191126215428,202.0,-41.3158,174.784133333333
20191126215444,202.0,-41.3158,174.784133333333
20191126215516,202.0,-41.3158,174.784133333333
20191126215532,202.0,-41.3158,174.784166666667
20191126215548,202.0,-41.3158,174.784166666667
20191126215620,202.0,-41.315766666667,174.784166666667
20191126215636,202.0,-41.315766666667,174.784166666667
20191126215652,202.0,-41.315766666667,174.784166666667
20191126215732,202.0,-41.315766666667,174.784166666667
20191126215748,202.0,-41.315766666667,174.7841
20191126215804,202.0,-41.315766666667,174.7841
20191126215836,202.0,-41.315816666667,174.7841
20191126215852,202.0,-41.315816666667,174.784166666667
20191126215908,202.0,-41.315816666667,174.784166666667
20191126215939,202.0,-41.315766666667,174.784166666667
20191126215955,202.0,-41.315766666667,174.78415
20191126220011,202.0,-41.315766666667,174.78415
20191126220041,202.0,-41.315833333333,174.78415
20191126220057,202.0,-41.315833333333,174.784133333333
20191126220113,202.0,-41.315833333333,174.784133333333
20191126220144,202.0,-41.315733333333,174.784133333333
20191126220200,202.0,-41.315733333333,174.7842
20191126220216,202.0,-41.315733333333,174.7842
20191126220246,202.0,-41.315816666667,174.7842
20191126220303,202.0,-41.315816666667,174.784133333333
20191126220319,202.0,-41.315816666667,174.784133333333
20191126220353,202.0,-41.315616666667,174.784133333333
20191126220410,202.0,-41.315616666667,174.784133333333
20191126220426,202.0,-41.315616666667,174.784133333333
20191126220501,202.0,-41.315633333333,174.784133333333
20191126220518,202.0,-41.315633333333,174.78415
20191126220534,202.0,-41.315633333333,174.78415
20191126220605,202.0,-41.315983333333,174.78415
20191126220622,202.0,-41.315983333333,174.78415
20191126220638,202.0,-41.315983333333,174.78415
20191126220717,202.0,-41.315616666667,174.78415
20191126220733,202.0,-41.315616666667,174.78405
20191126220749,202.0,-41.315616666667,174.78405
20191126220825,202.0,-41.31575,174.78405
20191126220842,202.0,-41.31575,174.784266666667
20191126220858,202.0,-41.31575,174.784266666667
20191126220930,202.0,-41.315933333333,174.784266666667
20191126220947,202.0,-41.315933333333,174.784
20191126221003,202.0,-41.315933333333,174.784
20191126221034,202.0,-41.315883333333,174.784
20191126221051,202.0,-41.315883333333,174.784066666667
20191126221107,202.0,-41.315883333333,174.784066666667
20191126221143,202.0,-41.3159,174.784066666667
20191126221200,202.0,-41.3159,174.784133333333
20191126221216,202.0,-41.3159,174.784133333333
20191126221249,202.0,-41.3159,174.784133333333
20191126221305,202.0,-41.3159,174.784083333333
20191126221321,202.0,-41.3159,174.784083333333
20191126221353,202.0,-41.315966666667,174.784083333333
20191126221410,202.0,-41.315966666667,174.784116666667
20191126221426,202.0,-41.315966666667,174.784116666667
20191126221503,202.0,-41.315816666667,174.784116666667
20191126221520,202.0,-41.315816666667,174.784116666667
20191126221536,202.0,-41.315816666667,174.784116666667
20191126221608,201.0,-41.315783333333,174.784116666667
20191126221625,201.0,-41.315783333333,174.78405
20191126221641,201.0,-41.315783333333,174.78405
20191126221711,202.0,-41.315833333333,174.78405
20191126221728,202.0,-41.315833333333,174.784133333333
20191126221744,201.0,-41.315833333333,174.784133333333
20191126221817,202.0,-41.31585,174.784133333333
20191126221834,201.0,-41.31585,174.78415
20191126221850,202.0,-41.31585,174.78415
20191126221933,202.0,-41.315733333333,174.78415
20191126221950,201.0,-41.315733333333,174.784166666667
20191126222006,201.0,-41.315733333333,174.784166666667
20191126222106,202.0,-41.315816666667,174.784166666667
20191126222123,201.0,-41.315816666667,174.7841
20191126222139,201.0,-41.315816666667,174.7841
20191126222212,202.0,-41.31585,174.7841
20191126222229,201.0,-41.31585,174.7841
20191126222245,201.0,-41.31585,174.7841
20191126222319,201.0,-41.3158,174.7841
20191126222336,201.0,-41.3158,174.784116666667
20191126222352,201.0,-41.3158,174.784116666667
20191126222424,201.0,-41.315816666667,174.784116666667
20191126222441,201.0,-41.315816666667,174.784116666667
20191126222457,201.0,-41.315816666667,174.784116666667
20191126222532,202.0,-41.315883333333,174.784116666667
20191126222549,201.0,-41.315883333333,174.7841
20191126222605,201.0,-41.315883333333,174.7841
20191126222636,201.0,-41.3159,174.7841
20191126222653,201.0,-41.3159,174.784083333333
20191126222709,201.0,-41.3159,174.784083333333
20191126222738,202.0,-41.31585,174.784083333333
20191126222755,201.0,-41.31585,174.784066666667
20191126222811,201.0,-41.31585,174.784066666667
20191126222844,202.0,-41.315833333333,174.784066666667
20191126222901,202.0,-41.315833333333,174.7841
20191126222917,202.0,-41.315833333333,174.7841
20191126222947,202.0,-41.315833333333,174.7841
20191126223004,202.0,-41.315833333333,174.784116666667
20191126223020,202.0,-41.315833333333,174.784116666667
20191126223052,202.0,-41.315833333333,174.784116666667
20191126223109,202.0,-41.315833333333,174.784116666667
20191126223125,202.0,-41.315833333333,174.784116666667
20191126223158,202.0,-41.3158,174.784116666667
20191126223215,202.0,-41.3158,174.784133333333
20191126223231,202.0,-41.3158,174.784133333333
20191126223304,202.0,-41.31575,174.784133333333
20191126223321,202.0,-41.31575,174.78415
20191126223337,202.0,-41.31575,174.78415
20191126223409,202.0,-41.315866666667,174.78415
20191126223426,202.0,-41.315866666667,174.78415
20191126223442,202.0,-41.315866666667,174.78415
20191126223514,202.0,-41.31585,174.78415
20191126223531,202.0,-41.31585,174.784133333333
20191126223547,202.0,-41.31585,174.784133333333
20191126223620,202.0,-41.315783333333,174.784133333333
20191126223637,202.0,-41.315783333333,174.784116666667
20191126223653,202.0,-41.315783333333,174.784116666667
20191126223723,202.0,-41.3158,174.784116666667
20191126223740,202.0,-41.3158,174.784133333333
20191126223756,202.0,-41.3158,174.784133333333
20191126223826,202.0,-41.315866666667,174.784133333333
20191126223843,202.0,-41.315866666667,174.7841
20191126223859,202.0,-41.315866666667,174.7841
20191126223929,202.0,-41.315866666667,174.7841
20191126223946,202.0,-41.315866666667,174.784116666667
20191126224002,202.0,-41.315866666667,174.784116666667
20191126224030,202.0,-41.315816666667,174.784116666667
20191126224047,202.0,-41.315816666667,174.78415
20191126224103,202.0,-41.315816666667,174.78415
20191126224132,202.0,-41.3159,174.78415
20191126224149,202.0,-41.3159,174.784083333333
20191126224205,202.0,-41.3159,174.784083333333
20191126224235,202.0,-41.315816666667,174.784083333333
20191126224252,202.0,-41.315816666667,174.784133333333
20191126224308,201.0,-41.315816666667,174.784133333333
20191126224340,202.0,-41.315766666667,174.784133333333
20191126224357,202.0,-41.315766666667,174.784133333333
20191126224413,202.0,-41.315766666667,174.784133333333
20191126224444,202.0,-41.31585,174.784133333333
20191126224501,202.0,-41.31585,174.784116666667
20191126224517,202.0,-41.31585,174.784116666667
20191126224550,202.0,-41.31595,174.784116666667
20191126224607,202.0,-41.31595,174.784083333333
20191126224623,202.0,-41.31595,174.784083333333
20191126224655,202.0,-41.315883333333,174.784083333333
20191126224712,202.0,-41.315883333333,174.7841
20191126224728,202.0,-41.315883333333,174.7841
20191126224804,202.0,-41.3159,174.7841
20191126224821,202.0,-41.3159,174.784116666667
20191126224837,202.0,-41.3159,174.784116666667
20191126224910,202.0,-41.315933333333,174.784116666667
20191126224927,202.0,-41.315933333333,174.784133333333
20191126224943,202.0,-41.315933333333,174.784133333333
20191126225023,202.0,-41.316133333333,174.784133333333
20191126225040,202.0,-41.316133333333,174.784033333333
20191126225056,202.0,-41.316133333333,174.784033333333
20191126225137,202.0,-41.315816666667,174.784033333333
20191126225154,202.0,-41.315816666667,174.78415
20191126225210,202.0,-41.315816666667,174.78415
20191126225245,202.0,-41.316016666667,174.78415
20191126225302,202.0,-41.316016666667,174.784016666667
20191126225318,202.0,-41.316016666667,174.784016666667
20191126225402,202.0,-41.3159,174.784016666667
20191126225419,202.0,-41.3159,174.784083333333
20191126225435,202.0,-41.3159,174.784083333333
20191126225510,202.0,-41.316,174.784083333333
20191126225527,202.0,-41.316,174.78405
20191126225543,202.0,-41.316,174.78405
20191126225639,202.0,-41.315283333333,174.78405
20191126225655,202.0,-41.315283333333,174.784233333333
20191126225712,202.0,-41.315283333333,174.784233333333
20191127124522,185.0,-41.3156,174.784233333333
20191127124538,184.0,-41.3156,174.784216666667
20191127124626,180.0,-41.31565,174.784216666667
20191127124642,195.0,-41.31565,174.784233333333
20191127124658,188.0,-41.31565,174.784233333333
20191127124733,174.0,-41.315283333333,174.784233333333
20191127124749,153.0,-41.315283333333,174.78345
20191127124813,152.0,-41.315283333333,174.78345
20191127124856,151.0,-41.3127,174.782383333333
20191127143556,152.0,-41.314083333333,174.7826
20191127143612,155.0,-41.314083333333,174.7826
20191127143628,154.0,-41.314083333333,174.7826
20191127143700,171.0,-41.315283333333,174.783966666667
20191127143716,169.0,-41.315283333333,174.783966666667
