TIME,RSSI,LAT,LONG
2019-11-30T19:49:19.263411,209.0,-41.3157333333333333,174.7841833333333333
2019-11-30T19:50:04.034527,209.0,-41.31561666666666666,174.7841833333333333
2019-11-30T19:50:20.154995,209.0,-41.31561666666666666,174.7842333333333333
2019-11-30T19:50:36.271574,211.0,-41.31561666666666666,174.7842333333333333
2019-11-30T19:51:17.037988,209.0,-41.3158166666666667,174.7842333333333333
2019-11-30T20:00:45.135527,207.0,-41.31571666666666665,174.7841833333333333
2019-11-30T20:01:01.244342,217.0,-41.31571666666666665,174.7841833333333333
2019-11-30T20:01:37.009215,216.0,-41.31576666666666664,174.7841833333333333
2019-11-30T20:01:53.127683,210.0,-41.31576666666666664,174.7842166666666667
2019-11-30T20:02:09.262206,217.0,-41.31576666666666664,174.7842166666666667
2019-11-30T20:02:44.062826,212.0,-41.31565,174.7842166666666667
2019-11-30T20:03:00.129235,211.0,-41.31565,174.7841333333333333
2019-11-30T20:03:16.235514,219.0,-41.31565,174.7841333333333333
2019-11-30T20:03:52.018863,207.0,-41.31578333333333336,174.7841333333333333
2019-11-30T20:04:08.122655,219.0,-41.31578333333333336,174.7841833333333333
2019-11-30T20:04:24.234315,212.0,-41.31578333333333336,174.7841833333333333
2019-11-30T20:05:01.005940,218.0,-41.31578333333333336,174.7841833333333333
2019-11-30T20:05:17.117250,217.0,-41.31578333333333336,174.7842
2019-11-30T20:05:33.227754,212.0,-41.31578333333333336,174.7842
2019-12-01T17:58:26.222667,206.0,-41.31571666666666665,174.7841833333333333
2019-12-01T17:58:42.351006,198.0,-41.31571666666666665,174.7841833333333333
2019-12-01T18:00:14.120646,209.0,-41.31566666666666665,174.78405
2019-12-01T18:00:30.236364,205.0,-41.31566666666666665,174.78405
2019-12-01T18:00:46.346233,205.0,-41.31566666666666665,174.78405
2019-12-01T18:02:25.122055,208.0,-41.3156833333333333,174.78405
2019-12-01T18:02:41.232507,205.0,-41.3156833333333333,174.78405
2019-12-01T18:02:57.333774,206.0,-41.3156833333333333,174.78405
2019-12-01T18:03:48.112018,200.0,-41.3157333333333333,174.7841666666666667
2019-12-01T18:04:04.222139,207.0,-41.3157333333333333,174.7841666666666667
2019-12-01T18:04:20.321437,207.0,-41.3157333333333333,174.7841666666666667
2019-12-01T18:05:39.089121,207.0,-41.31571666666666665,174.7841166666666667
2019-12-01T18:05:55.197174,210.0,-41.31571666666666665,174.7841166666666667
2019-12-01T18:06:11.292812,201.0,-41.31571666666666665,174.7841166666666667
2019-12-01T18:07:02.138105,210.0,-41.3157333333333333,174.78415
2019-12-01T18:07:18.241650,200.0,-41.3157333333333333,174.78415
2019-12-01T18:07:53.074099,198.0,-41.31575,174.78415
2019-12-01T18:08:09.145135,197.0,-41.31575,174.7841833333333333
2019-12-01T18:08:25.226331,204.0,-41.31575,174.7841833333333333
2019-12-01T18:08:57.183358,201.0,-41.31571666666666665,174.7841833333333333
2019-12-01T18:09:13.139533,203.0,-41.31571666666666665,174.7841666666666667
2019-12-01T18:09:29.243222,206.0,-41.31571666666666665,174.7841666666666667
2019-12-01T18:10:02.035112,196.0,-41.31571666666666665,174.7841666666666667
2019-12-01T18:10:18.148352,208.0,-41.31571666666666665,174.78415
2019-12-01T18:10:34.255881,209.0,-41.31571666666666665,174.78415
2019-12-01T18:11:07.046639,209.0,-41.3157,174.78415
