TIME,RSSI,LAT,LONG
2019-12-04T08:08:49.205458,215.0,-41.3157333333333333,174.7841166666666667
2019-12-04T08:10:11.161659,215.0,-41.31556666666666666,174.7841166666666667
2019-12-04T08:10:27.077714,194.0,-41.31556666666666666,174.7841666666666667
2019-12-04T08:10:43.355872,188.0,-41.31556666666666666,174.7841666666666667
2019-12-04T08:12:30.141485,193.0,-41.31555,174.7841666666666667
2019-12-04T08:12:46.074789,189.0,-41.31555,174.7841666666666667
2019-12-04T08:13:10.209566,185.0,-41.31555,174.7841666666666667
2019-12-04T08:13:45.023840,184.0,-41.31525,174.7836
2019-12-04T08:30:59.203688,184.0,-41.31511666666666666,174.7835666666666666
2019-12-04T08:36:02.079687,188.0,-41.31553333333333333,174.78405
2019-12-04T08:36:18.158588,186.0,-41.31553333333333333,174.78405
2019-12-04T08:37:33.992522,224.0,-41.31571666666666665,174.78415
2019-12-04T08:37:50.074063,224.0,-41.31571666666666665,174.78415
2019-12-04T08:38:06.191997,224.0,-41.31571666666666665,174.78415
2019-12-04T08:38:45.008373,224.0,-41.3158166666666667,174.7841333333333333
2019-12-04T08:39:01.116396,227.0,-41.3158166666666667,174.7841333333333333
2019-12-04T08:39:17.170696,230.0,-41.3158166666666667,174.7841333333333333
2019-12-04T08:39:55.008070,228.0,-41.31578333333333336,174.7841166666666667
2019-12-04T08:40:11.095387,228.0,-41.31578333333333336,174.7841166666666667
2019-12-04T08:40:27.211528,228.0,-41.31578333333333336,174.7841166666666667
2019-12-04T08:41:04.970714,228.0,-41.31578333333333336,174.7840833333333334
2019-12-04T08:41:21.091867,228.0,-41.31578333333333336,174.7840833333333334
2019-12-04T08:41:37.216371,229.0,-41.31578333333333336,174.7840833333333334
2019-12-04T08:42:38.969394,228.0,-41.31585,174.7840333333333334
2019-12-04T08:42:55.041479,228.0,-41.31585,174.7840333333333334
2019-12-04T08:43:11.187718,228.0,-41.31585,174.7840333333333334
2019-12-04T08:44:00.002777,228.0,-41.31575,174.7841666666666667
2019-12-04T08:44:16.030838,229.0,-41.31575,174.7841666666666667
2019-12-04T08:44:32.187304,228.0,-41.31575,174.7841666666666667
2019-12-04T08:45:08.963691,228.0,-41.3158,174.78415
2019-12-04T08:45:25.117122,229.0,-41.3158,174.78415
2019-12-04T08:45:41.178162,228.0,-41.3158,174.78415
2019-12-04T08:46:14.103199,228.0,-41.3158166666666667,174.7841166666666667
2019-12-04T08:46:30.138158,228.0,-41.3158166666666667,174.7841166666666667
2019-12-04T08:46:46.190740,228.0,-41.3158166666666667,174.7841166666666667
2019-12-04T08:47:20.003761,228.0,-41.31585,174.7841333333333333
2019-12-04T08:47:36.107186,228.0,-41.31585,174.7841333333333333
2019-12-04T08:47:52.158056,228.0,-41.31585,174.7841333333333333
2019-12-04T08:48:24.960518,228.0,-41.3158,174.7841166666666667
2019-12-04T08:48:41.147689,228.0,-41.3158,174.7841166666666667
2019-12-04T08:48:57.139902,228.0,-41.3158,174.7841166666666667
2019-12-04T08:49:51.954176,228.0,-41.31566666666666665,174.7841333333333333
2019-12-04T08:50:08.086551,228.0,-41.31566666666666665,174.7841333333333333
2019-12-04T08:50:24.174710,228.0,-41.31566666666666665,174.7841333333333333
2019-12-04T08:51:06.955045,228.0,-41.3158,174.78415
2019-12-04T08:51:23.064836,228.0,-41.3158,174.78415
2019-12-04T08:51:39.164641,228.0,-41.3158,174.78415
2019-12-04T08:52:13.010392,229.0,-41.31575,174.7841
2019-12-04T08:52:29.090678,228.0,-41.31575,174.7841
2019-12-04T08:52:45.191295,228.0,-41.31575,174.7841
2019-12-04T08:53:24.991392,228.0,-41.31576666666666664,174.7841833333333333
2019-12-04T08:53:41.101707,228.0,-41.31576666666666664,174.7841833333333333
2019-12-04T08:53:57.200478,228.0,-41.31576666666666664,174.7841833333333333
2019-12-04T08:55:20.934694,228.0,-41.31583333333333335,174.7839
2019-12-04T08:55:37.067762,228.0,-41.31583333333333335,174.7839
2019-12-04T08:55:53.177996,228.0,-41.31583333333333335,174.7839
2019-12-04T08:57:39.980373,228.0,-41.3157,174.78415
2019-12-04T08:57:56.131841,228.0,-41.3157,174.78415
2019-12-04T08:58:12.133209,228.0,-41.3157,174.78415
2019-12-04T08:58:51.978388,228.0,-41.3157333333333333,174.7841833333333333
2019-12-04T08:59:08.138025,228.0,-41.3157333333333333,174.7841833333333333
2019-12-04T08:59:24.124435,228.0,-41.3157333333333333,174.7841833333333333
2019-12-04T09:00:47.948873,228.0,-41.31561666666666666,174.7838333333333334
2019-12-04T09:01:04.059164,228.0,-41.31561666666666666,174.7838333333333334
2019-12-04T09:01:20.140123,228.0,-41.31561666666666666,174.7838333333333334
2019-12-04T09:02:41.925721,229.0,-41.31545,174.7836
2019-12-04T09:02:58.051897,229.0,-41.31545,174.7836
2019-12-04T09:03:14.116582,229.0,-41.31545,174.7836
2019-12-04T09:04:13.949373,228.0,-41.31571666666666665,174.7840333333333334
2019-12-04T09:04:30.063601,228.0,-41.31571666666666665,174.7840333333333334
2019-12-04T09:04:46.228440,228.0,-41.31571666666666665,174.7840333333333334
2019-12-04T09:06:47.966024,229.0,-41.31575,174.7841333333333333
2019-12-04T09:07:04.100073,228.0,-41.31575,174.7841333333333333
2019-12-04T09:08:02.050713,229.0,-41.3158,174.7841333333333333
2019-12-04T09:08:17.952508,229.0,-41.3158,174.7841666666666667
2019-12-04T09:08:34.108380,229.0,-41.3158,174.7841666666666667
2019-12-04T09:09:09.886919,229.0,-41.31571666666666665,174.7841666666666667
2019-12-04T09:09:26.031769,229.0,-41.31571666666666665,174.7840833333333334
2019-12-04T09:09:42.081254,229.0,-41.31571666666666665,174.7840833333333334
2019-12-04T09:10:31.902761,229.0,-41.31575,174.7840833333333334
2019-12-04T09:13:04.835524,229.0,-41.31571666666666665,174.7841333333333333
2019-12-04T09:13:20.944336,229.0,-41.31571666666666665,174.78405
2019-12-04T09:13:37.561560,228.0,-41.31571666666666665,174.78405
2019-12-04T09:14:16.834781,229.0,-41.3157,174.78405
2019-12-04T09:14:32.925211,229.0,-41.3157,174.7840833333333334
2019-12-04T09:14:49.019892,229.0,-41.3157,174.7840833333333334
2019-12-04T09:15:32.828530,229.0,-41.31571666666666665,174.7840833333333334
2019-12-04T09:15:48.955156,229.0,-41.31571666666666665,174.7840166666666667
2019-12-04T09:16:05.045002,229.0,-41.31571666666666665,174.7840166666666667
2019-12-04T09:16:54.829429,229.0,-41.3156833333333333,174.7840166666666667
2019-12-04T09:17:10.914506,228.0,-41.3156833333333333,174.7838666666666667
2019-12-04T09:17:27.010563,228.0,-41.3156833333333333,174.7838666666666667
2019-12-04T09:18:03.825769,229.0,-41.31575,174.7838666666666667
2019-12-04T09:18:19.912770,228.0,-41.31575,174.7839833333333334
2019-12-04T09:18:36.006655,228.0,-41.31575,174.7839833333333334
2019-12-04T09:19:25.826969,228.0,-41.3158,174.7839833333333334
2019-12-04T09:19:41.927972,228.0,-41.3158,174.7840666666666667
2019-12-04T09:19:58.038570,228.0,-41.3158,174.7840666666666667
2019-12-04T09:21:04.826363,228.0,-41.31578333333333336,174.7840666666666667
2019-12-04T09:21:20.939127,229.0,-41.31578333333333336,174.7841166666666667
2019-12-04T09:21:37.168812,229.0,-41.31578333333333336,174.7841166666666667
2019-12-04T09:22:24.819876,229.0,-41.3158,174.7841166666666667
2019-12-04T09:22:40.914054,228.0,-41.3158,174.7841666666666667
2019-12-04T09:22:57.007666,228.0,-41.3158,174.7841666666666667
2019-12-04T09:23:33.828225,229.0,-41.3157333333333333,174.7841666666666667
2019-12-04T09:23:49.936624,229.0,-41.3157333333333333,174.7841333333333333
2019-12-04T09:24:06.046727,229.0,-41.3157333333333333,174.7841333333333333
2019-12-04T09:24:47.818523,229.0,-41.31578333333333336,174.7841333333333333
2019-12-04T09:25:03.925507,228.0,-41.31578333333333336,174.78415
2019-12-04T09:25:20.041734,228.0,-41.31578333333333336,174.78415
2019-12-04T09:25:57.851561,229.0,-41.31575,174.78415
2019-12-04T09:26:13.924386,229.0,-41.31575,174.7841666666666667
2019-12-04T09:26:30.013734,228.0,-41.31575,174.7841666666666667
2019-12-04T09:27:07.830661,229.0,-41.31578333333333336,174.7841666666666667
2019-12-04T09:27:23.911833,229.0,-41.31578333333333336,174.7841666666666667
2019-12-04T09:27:40.016406,228.0,-41.31578333333333336,174.7841666666666667
2019-12-04T09:28:21.809764,229.0,-41.3157333333333333,174.7841666666666667
2019-12-04T09:28:37.909403,229.0,-41.3157333333333333,174.7841333333333333
2019-12-04T09:28:54.010408,228.0,-41.3157333333333333,174.7841333333333333
2019-12-04T09:29:31.819031,228.0,-41.31583333333333335,174.7841333333333333
2019-12-04T09:29:47.926911,228.0,-41.31583333333333335,174.7842
2019-12-04T09:30:04.023402,228.0,-41.31583333333333335,174.7842
2019-12-04T09:30:45.809635,228.0,-41.31571666666666665,174.7842
2019-12-04T09:31:01.917037,228.0,-41.31571666666666665,174.7840333333333334
2019-12-04T09:31:18.027891,228.0,-41.31571666666666665,174.7840333333333334
2019-12-04T09:32:13.821178,228.0,-41.31576666666666664,174.7840333333333334
2019-12-04T09:32:29.921260,229.0,-41.31576666666666664,174.7841
2019-12-04T09:32:46.016843,228.0,-41.31576666666666664,174.7841
2019-12-04T09:33:22.811996,228.0,-41.31578333333333336,174.7841
2019-12-04T09:33:38.909172,228.0,-41.31578333333333336,174.7841166666666667
2019-12-04T09:33:55.001064,228.0,-41.31578333333333336,174.7841166666666667
2019-12-04T09:34:32.808761,228.0,-41.3158,174.7841166666666667
2019-12-04T09:34:48.907750,228.0,-41.3158,174.7841833333333333
2019-12-04T09:35:05.009899,228.0,-41.3158,174.7841833333333333
2019-12-04T09:35:43.821890,228.0,-41.3156333333333333,174.7841833333333333
2019-12-04T09:35:59.899677,228.0,-41.3156333333333333,174.7847833333333334
2019-12-04T09:36:16.001348,228.0,-41.3156333333333333,174.7847833333333334
2019-12-04T09:37:08.800535,228.0,-41.31576666666666664,174.7847833333333334
2019-12-04T09:37:24.899068,228.0,-41.31576666666666664,174.7841
2019-12-04T09:37:41.013643,228.0,-41.31576666666666664,174.7841
2019-12-04T09:38:15.803383,228.0,-41.31583333333333335,174.7841
2019-12-04T09:38:31.918783,227.0,-41.31583333333333335,174.7842166666666667
2019-12-04T09:38:48.034311,227.0,-41.31583333333333335,174.7842166666666667
2019-12-04T09:39:25.801008,226.0,-41.3156833333333333,174.7842166666666667
2019-12-04T09:39:41.907975,228.0,-41.3156833333333333,174.7841666666666667
2019-12-04T09:39:58.027040,228.0,-41.3156833333333333,174.7841666666666667
2019-12-04T09:40:33.794129,228.0,-41.31575,174.7841666666666667
2019-12-04T09:40:49.915444,228.0,-41.31575,174.7841166666666667
2019-12-04T09:41:06.025413,228.0,-41.31575,174.7841166666666667
2019-12-04T09:41:42.795954,228.0,-41.31576666666666664,174.7841166666666667
2019-12-04T09:41:58.891704,228.0,-41.31576666666666664,174.78405
2019-12-04T09:42:14.998343,228.0,-41.31576666666666664,174.78405
2019-12-04T09:42:55.814839,228.0,-41.3158166666666667,174.78405
2019-12-04T09:43:11.909302,228.0,-41.3158166666666667,174.78415
2019-12-04T09:43:28.010957,228.0,-41.3158166666666667,174.78415
2019-12-04T09:44:06.793481,229.0,-41.31575,174.78415
2019-12-04T09:44:22.901691,228.0,-41.31575,174.78415
2019-12-04T09:44:39.022131,228.0,-41.31575,174.78415
2019-12-04T09:45:13.781766,228.0,-41.31578333333333336,174.78415
2019-12-04T09:45:29.886432,228.0,-41.31578333333333336,174.78405
2019-12-04T09:45:45.991195,229.0,-41.31578333333333336,174.78405
