TIME,RSSI,LAT,LONG
20191126085234,193.0,-41.315816666667,174.7842
20191126085250,193.0,-41.315816666667,174.7842
20191126085325,193.0,-41.315816666667,174.7842
20191126085341,193.0,-41.315816666667,174.784166666667
20191126085357,193.0,-41.315816666667,174.784166666667
20191126085432,192.0,-41.315783333333,174.784166666667
20191126085448,192.0,-41.315783333333,174.78405
20191126085504,192.0,-41.315783333333,174.78405
20191126085539,193.0,-41.3158,174.78405
20191126085555,193.0,-41.3158,174.784116666667
20191126085611,192.0,-41.3158,174.784116666667
20191126085642,193.0,-41.315783333333,174.784116666667
20191126085658,193.0,-41.315783333333,174.7842
20191126085714,193.0,-41.315783333333,174.7842
20191126085747,193.0,-41.315766666667,174.7842
20191126085803,193.0,-41.315766666667,174.784183333333
20191126085819,193.0,-41.315766666667,174.784183333333
20191126085856,193.0,-41.315866666667,174.784183333333
20191126085912,193.0,-41.315866666667,174.784183333333
20191126085928,193.0,-41.315866666667,174.784183333333
20191126090001,193.0,-41.31585,174.784183333333
20191126090017,193.0,-41.31585,174.784216666667
20191126090033,193.0,-41.31585,174.784216666667
20191126090107,193.0,-41.315883333333,174.784216666667
20191126090123,193.0,-41.315883333333,174.784183333333
20191126090139,192.0,-41.315883333333,174.784183333333
20191126090212,193.0,-41.31575,174.784183333333
20191126090228,193.0,-41.31575,174.784216666667
20191126090244,193.0,-41.31575,174.784216666667
20191126090315,193.0,-41.315833333333,174.784216666667
20191126090331,193.0,-41.315833333333,174.784166666667
20191126090347,193.0,-41.315833333333,174.784166666667
20191126090419,193.0,-41.315816666667,174.784166666667
20191126090435,193.0,-41.315816666667,174.784166666667
20191126090451,192.0,-41.315816666667,174.784166666667
20191126090521,193.0,-41.315816666667,174.784166666667
20191126090537,193.0,-41.315816666667,174.784233333333
20191126090553,192.0,-41.315816666667,174.784233333333
20191126090624,193.0,-41.31575,174.784233333333
20191126090640,192.0,-41.31575,174.784183333333
20191126090656,193.0,-41.31575,174.784183333333
20191126090726,193.0,-41.315816666667,174.784183333333
20191126090742,193.0,-41.315816666667,174.784216666667
20191126090758,193.0,-41.315816666667,174.784216666667
20191126090829,193.0,-41.3158,174.784216666667
20191126090845,193.0,-41.3158,174.7842
20191126090901,193.0,-41.3158,174.7842
20191126090932,193.0,-41.31585,174.7842
20191126090948,193.0,-41.31585,174.7842
20191126091004,193.0,-41.31585,174.7842
20191126091037,193.0,-41.315783333333,174.7842
20191126091053,193.0,-41.315783333333,174.784116666667
20191126091109,193.0,-41.315783333333,174.784116666667
20191126091142,193.0,-41.3158,174.784116666667
20191126091158,193.0,-41.3158,174.7842
20191126091214,193.0,-41.3158,174.7842
20191126091246,193.0,-41.3158,174.7842
20191126091302,192.0,-41.3158,174.784216666667
20191126091318,193.0,-41.3158,174.784216666667
20191126091349,193.0,-41.315833333333,174.784216666667
20191126091405,192.0,-41.315833333333,174.784183333333
20191126091421,193.0,-41.315833333333,174.784183333333
20191126091452,193.0,-41.315783333333,174.784183333333
20191126091508,193.0,-41.315783333333,174.7842
20191126091524,193.0,-41.315783333333,174.7842
20191126091556,193.0,-41.315716666667,174.7842
20191126091612,193.0,-41.315716666667,174.7842
20191126091628,193.0,-41.315716666667,174.7842
20191126091659,193.0,-41.31575,174.7842
20191126091715,193.0,-41.31575,174.7842
20191126091731,193.0,-41.31575,174.7842
20191126091802,193.0,-41.31575,174.7842
20191126091818,193.0,-41.31575,174.7842
20191126091834,193.0,-41.31575,174.7842
20191126091906,193.0,-41.315816666667,174.7842
20191126091922,193.0,-41.315816666667,174.784183333333
20191126091938,193.0,-41.315816666667,174.784183333333
20191126092009,193.0,-41.315816666667,174.784183333333
20191126092025,193.0,-41.315816666667,174.784316666667
20191126092041,193.0,-41.315816666667,174.784316666667
20191126092113,193.0,-41.315833333333,174.784316666667
20191126092129,192.0,-41.315833333333,174.784183333333
20191126092145,193.0,-41.315833333333,174.784183333333
20191126092217,193.0,-41.31595,174.784183333333
20191126092233,193.0,-41.31595,174.784233333333
20191126092249,192.0,-41.31595,174.784233333333
20191126092323,193.0,-41.3158,174.784233333333
20191126092339,193.0,-41.3158,174.784233333333
20191126092355,193.0,-41.3158,174.784233333333
20191126092427,193.0,-41.3158,174.784233333333
20191126092443,193.0,-41.3158,174.784233333333
20191126092459,193.0,-41.3158,174.784233333333
20191126092533,193.0,-41.31575,174.784233333333
20191126092549,193.0,-41.31575,174.7842
20191126092605,193.0,-41.31575,174.7842
20191126092635,193.0,-41.315733333333,174.7842
20191126092651,193.0,-41.315733333333,174.784166666667
20191126092707,193.0,-41.315733333333,174.784166666667
20191126092739,193.0,-41.315816666667,174.784166666667
20191126092755,193.0,-41.315816666667,174.784183333333
20191126092811,193.0,-41.315816666667,174.784183333333
20191126092843,193.0,-41.315733333333,174.784183333333
20191126092859,193.0,-41.315733333333,174.78415
20191126092915,193.0,-41.315733333333,174.78415
20191126092947,193.0,-41.315783333333,174.78415
20191126093003,193.0,-41.315783333333,174.78415
20191126093019,192.0,-41.315783333333,174.78415
20191126093052,193.0,-41.3157,174.78415
20191126093108,192.0,-41.3157,174.7841
20191126093124,193.0,-41.3157,174.7841
20191126093157,193.0,-41.315766666667,174.7841
20191126093213,193.0,-41.315766666667,174.784116666667
20191126093229,193.0,-41.315766666667,174.784116666667
20191126093301,193.0,-41.315766666667,174.784116666667
20191126093317,193.0,-41.315766666667,174.784166666667
20191126093333,193.0,-41.315766666667,174.784166666667
20191126093406,193.0,-41.31575,174.784166666667
20191126093422,192.0,-41.31575,174.784216666667
20191126093438,193.0,-41.31575,174.784216666667
20191126093509,193.0,-41.31575,174.784216666667
20191126093525,193.0,-41.31575,174.78415
20191126093541,193.0,-41.31575,174.78415
20191126093613,193.0,-41.315816666667,174.78415
20191126093629,193.0,-41.315816666667,174.7842
20191126093645,193.0,-41.315816666667,174.7842
20191126093718,193.0,-41.315783333333,174.7842
20191126093734,193.0,-41.315783333333,174.784266666667
20191126093750,193.0,-41.315783333333,174.784266666667
20191126093823,193.0,-41.3158,174.784266666667
20191126093839,193.0,-41.3158,174.784283333333
20191126093855,193.0,-41.3158,174.784283333333
20191126093932,193.0,-41.315733333333,174.784283333333
20191126093948,193.0,-41.315733333333,174.784233333333
20191126094004,193.0,-41.315733333333,174.784233333333
20191126094036,193.0,-41.3158,174.784233333333
20191126094052,193.0,-41.3158,174.78425
20191126094108,193.0,-41.3158,174.78425
20191126094141,193.0,-41.315783333333,174.78425
20191126094157,193.0,-41.315783333333,174.784266666667
20191126094213,193.0,-41.315783333333,174.784266666667
20191126094245,193.0,-41.315766666667,174.784266666667
20191126094301,193.0,-41.315766666667,174.784133333333
20191126094317,193.0,-41.315766666667,174.784133333333
20191126094350,193.0,-41.315733333333,174.784133333333
20191126094406,193.0,-41.315733333333,174.784066666667
20191126094422,193.0,-41.315733333333,174.784066666667
20191126094500,193.0,-41.315716666667,174.784066666667
20191126094516,193.0,-41.315716666667,174.784216666667
20191126094532,193.0,-41.315716666667,174.784216666667
20191126094605,193.0,-41.315833333333,174.784216666667
20191126094621,193.0,-41.315833333333,174.78425
20191126094637,193.0,-41.315833333333,174.78425
20191126094712,193.0,-41.315883333333,174.78425
20191126094728,193.0,-41.315883333333,174.7842
20191126094744,193.0,-41.315883333333,174.7842
20191126094818,193.0,-41.315816666667,174.7842
20191126094834,193.0,-41.315816666667,174.784216666667
20191126094850,193.0,-41.315816666667,174.784216666667
20191126094925,193.0,-41.3158,174.784216666667
20191126094941,193.0,-41.3158,174.7842
20191126094957,193.0,-41.3158,174.7842
20191126095030,193.0,-41.3158,174.7842
20191126095046,193.0,-41.3158,174.7842
20191126095102,193.0,-41.3158,174.7842
20191126095136,193.0,-41.315816666667,174.7842
20191126095152,193.0,-41.315816666667,174.784233333333
20191126095208,193.0,-41.315816666667,174.784233333333
20191126095245,193.0,-41.315933333333,174.784233333333
20191126095301,193.0,-41.315933333333,174.0407666666667
20191126095317,193.0,-41.315933333333,174.0407666666667
20191126095350,193.0,-41.3159,174.0407666666667
20191126095406,193.0,-41.3159,174.7842
20191126095422,193.0,-41.3159,174.7842
20191126095456,193.0,-41.315816666667,174.7842
20191126095512,193.0,-41.315816666667,174.784216666667
20191126095528,193.0,-41.315816666667,174.784216666667
20191126095609,193.0,-41.315816666667,174.784216666667
20191126095625,193.0,-41.315816666667,174.784216666667
20191126095641,193.0,-41.315816666667,174.784216666667
20191126095718,193.0,-41.315883333333,174.784216666667
20191126095734,193.0,-41.315883333333,174.784166666667
20191126095750,193.0,-41.315883333333,174.784166666667
20191126095829,192.0,-41.3158,174.784166666667
20191126095845,193.0,-41.3158,174.784183333333
20191126095901,193.0,-41.3158,174.784183333333
20191126095933,193.0,-41.3158,174.784183333333
20191126095949,193.0,-41.3158,174.784183333333
20191126100005,193.0,-41.3158,174.784183333333
20191126100039,193.0,-41.315816666667,174.784183333333
20191126100055,193.0,-41.315816666667,174.7842
20191126100111,193.0,-41.315816666667,174.7842
20191126100146,193.0,-41.315966666667,174.7842
20191126100202,193.0,-41.315966666667,174.784083333333
20191126100218,193.0,-41.315966666667,174.784083333333
20191126100314,193.0,-41.315866666667,174.784083333333
20191126100330,193.0,-41.315866666667,174.78415
20191126100346,193.0,-41.315866666667,174.78415
20191126100422,193.0,-41.315783333333,174.78415
20191126100438,193.0,-41.315783333333,174.784166666667
20191126100454,192.0,-41.315783333333,174.784166666667
20191126100527,193.0,-41.315783333333,174.784166666667
20191126100543,193.0,-41.315783333333,174.7842
20191126100559,193.0,-41.315783333333,174.7842
20191126100630,193.0,-41.3158,174.7842
20191126100646,193.0,-41.3158,174.784133333333
20191126100702,193.0,-41.3158,174.784133333333
20191126100734,193.0,-41.31585,174.784133333333
20191126100750,193.0,-41.31585,174.78415
20191126100806,193.0,-41.31585,174.78415
20191126100840,193.0,-41.3159,174.78415
20191126100856,193.0,-41.3159,174.7841
20191126100912,193.0,-41.3159,174.7841
20191126100944,193.0,-41.3159,174.7841
20191126101000,193.0,-41.3159,174.784083333333
20191126101016,193.0,-41.3159,174.784083333333
20191126101047,193.0,-41.315816666667,174.784083333333
20191126101103,193.0,-41.315816666667,174.7841
20191126101119,193.0,-41.315816666667,174.7841
20191126101153,193.0,-41.315816666667,174.7841
20191126101209,193.0,-41.315816666667,174.784133333333
20191126101225,193.0,-41.315816666667,174.784133333333
20191126101257,193.0,-41.3158,174.784133333333
20191126101313,193.0,-41.3158,174.7842
20191126101329,193.0,-41.3158,174.7842
20191126101401,193.0,-41.3158,174.7842
20191126101417,193.0,-41.3158,174.784133333333
20191126101433,193.0,-41.3158,174.784133333333
20191126101505,193.0,-41.315766666667,174.784133333333
20191126101521,193.0,-41.315766666667,174.784216666667
20191126101537,193.0,-41.315766666667,174.784216666667
20191126101608,193.0,-41.315916666667,174.784216666667
20191126101624,193.0,-41.315916666667,174.784133333333
20191126101640,193.0,-41.315916666667,174.784133333333
20191126101712,193.0,-41.315816666667,174.784133333333
20191126101728,193.0,-41.315816666667,174.784166666667
20191126101744,193.0,-41.315816666667,174.784166666667
20191126101817,193.0,-41.3158,174.784166666667
20191126101833,193.0,-41.3158,174.784183333333
20191126101849,193.0,-41.3158,174.784183333333
20191126101923,192.0,-41.315783333333,174.784183333333
20191126101939,193.0,-41.315783333333,174.784183333333
20191126101955,193.0,-41.315783333333,174.784183333333
20191126102043,193.0,-41.315766666667,174.784183333333
20191126102059,193.0,-41.315766666667,174.784233333333
20191126102115,193.0,-41.315766666667,174.784233333333
20191126102149,193.0,-41.315733333333,174.784233333333
20191126102205,193.0,-41.315733333333,174.784233333333
20191126102221,193.0,-41.315733333333,174.784233333333
20191126102256,193.0,-41.3159,174.784233333333
20191126102312,193.0,-41.3159,174.784083333333
20191126102328,193.0,-41.3159,174.784083333333
20191126102403,193.0,-41.315766666667,174.784083333333
20191126102419,193.0,-41.315766666667,174.784166666667
20191126102435,193.0,-41.315766666667,174.784166666667
20191126102507,193.0,-41.315866666667,174.784166666667
20191126102523,192.0,-41.315866666667,174.78415
20191126102539,193.0,-41.315866666667,174.78415
20191126102611,193.0,-41.3158,174.78415
20191126102627,193.0,-41.3158,174.784166666667
20191126102643,193.0,-41.3158,174.784166666667
20191126102715,193.0,-41.3158,174.784166666667
20191126102731,193.0,-41.3158,174.784133333333
20191126102747,192.0,-41.3158,174.784133333333
20191126102818,193.0,-41.315866666667,174.784133333333
20191126102834,193.0,-41.315866666667,174.784133333333
20191126102850,193.0,-41.315866666667,174.784133333333
20191126102921,193.0,-41.315766666667,174.784133333333
20191126102937,193.0,-41.315766666667,174.784116666667
20191126102953,193.0,-41.315766666667,174.784116666667
20191126103024,193.0,-41.315716666667,174.784116666667
20191126103040,193.0,-41.315716666667,174.784183333333
20191126103056,193.0,-41.315716666667,174.784183333333
20191126103130,193.0,-41.316116666667,174.784183333333
20191126103146,193.0,-41.316116666667,174.78395
20191126103202,193.0,-41.316116666667,174.78395
20191126103236,193.0,-41.315766666667,174.78395
20191126103252,193.0,-41.315766666667,174.784166666667
20191126103308,193.0,-41.315766666667,174.784166666667
20191126103344,193.0,-41.31595,174.784166666667
